 Boundary Face Temperature, indexes
 =================================
   Boundary: n,    b_type,    b_T,        i,        j,        k        b_exh
 =================================
  267    3   1473.000        7   32   16
    1
  269    3   1473.000        7   34   16
    1
  271    3   1473.000        7   36   16
    1
  273    3   1473.000        7   38   16
    1
  275    3   1473.000        7   40   16
    1
  277    3   1473.000        7   42   16
    1
  307    3   1473.000        7   32   18
    1
  309    3   1473.000        7   34   18
    1
  311    3   1473.000        7   36   18
    1
  313    3   1473.000        7   38   18
    1
  315    3   1473.000        7   40   18
    1
  317    3   1473.000        7   42   18
    1
  347    3   1473.000        7   32   20
    1
  349    3   1473.000        7   34   20
    1
  351    3   1473.000        7   36   20
    1
  353    3   1473.000        7   38   20
    1
  355    3   1473.000        7   40   20
    1
  357    3   1473.000        7   42   20
    1
  387    3   1473.000        7   32   22
    1
  389    3   1473.000        7   34   22
    1
  391    3   1473.000        7   36   22
    1
  393    3   1473.000        7   38   22
    1
  395    3   1473.000        7   40   22
    1
  397    3   1473.000        7   42   22
    1
  427    3   1473.000        7   32   24
    1
  429    3   1473.000        7   34   24
    1
  431    3   1473.000        7   36   24
    1
  433    3   1473.000        7   38   24
    1
  435    3   1473.000        7   40   24
    1
  437    3   1473.000        7   42   24
    1
  467    3   1473.000        7   32   26
    1
  469    3   1473.000        7   34   26
    1
  471    3   1473.000        7   36   26
    1
  473    3   1473.000        7   38   26
    1
  475    3   1473.000        7   40   26
    1
  477    3   1473.000        7   42   26
    1
   
 =================================
   Exhaust: n         i1        j1        k1       i2      j2    k2
 =================================
           1           2          32          16           2          42
          26
   
 =================================
   Exhaust: n         orient        direct     type      frac      fixed
 =================================
           1      1      0      1  0.900000000000000     
   1473.00000000000     
   
   1641.62697670547     
