   827791.207258409        input qc_tot
   127930.556721759        maximum flux input value
   8656.63941199742        minimum flux input value
        
   1070986.58059882        adjusted total qrs
   165515.057778053        maximum flux adjusted value
   11199.8588074371        minimum flux adjusted value

         adjusted surface radiation heat flux (W/m**2)

    x  /  y -0.31000     -0.15500      0.15000      0.45000      0.75000       1.0500       1.2500       1.3500       1.4500       1.5500       1.6500    
     -0.310  0.00000E+00  0.00000E+00  0.00000E+00  0.00000E+00  0.00000E+00  0.00000E+00  0.00000E+00  0.00000E+00  0.00000E+00  0.00000E+00  0.00000E+00
     -0.155  0.00000E+00  0.00000E+00  0.00000E+00  0.00000E+00  0.00000E+00  0.00000E+00  0.00000E+00  0.00000E+00  0.00000E+00  0.00000E+00  0.00000E+00
      0.117  0.00000E+00  0.00000E+00  0.14850E+06  0.15762E+06  0.15710E+06  0.16067E+06  0.16459E+06  0.16552E+06  0.16540E+06  0.16529E+06  0.16517E+06
      0.350  0.00000E+00  0.00000E+00  0.13273E+06  0.14013E+06  0.14141E+06  0.14257E+06  0.14447E+06  0.14506E+06  0.14531E+06  0.14555E+06  0.14579E+06
      0.583  0.00000E+00  0.00000E+00  0.11695E+06  0.12264E+06  0.12571E+06  0.12446E+06  0.12434E+06  0.12461E+06  0.12521E+06  0.12581E+06  0.12641E+06
      0.817  0.00000E+00  0.00000E+00  0.10206E+06  0.10790E+06  0.11334E+06  0.11114E+06  0.10989E+06  0.10986E+06  0.11044E+06  0.11102E+06  0.11159E+06
      1.050  0.00000E+00  0.00000E+00  0.88034E+05  0.95919E+05  0.10429E+06  0.10261E+06  0.10111E+06  0.10082E+06  0.10100E+06  0.10117E+06  0.10135E+06
      1.283  0.00000E+00  0.00000E+00  0.74367E+05  0.86621E+05  0.98964E+05  0.97975E+05  0.95659E+05  0.95209E+05  0.95467E+05  0.95724E+05  0.95982E+05
      1.517  0.00000E+00  0.00000E+00  0.61054E+05  0.80006E+05  0.97367E+05  0.97232E+05  0.93538E+05  0.93027E+05  0.93851E+05  0.94676E+05  0.95500E+05
      1.750  0.00000E+00  0.00000E+00  0.52813E+05  0.74069E+05  0.93474E+05  0.93213E+05  0.89093E+05  0.88650E+05  0.89823E+05  0.90997E+05  0.92170E+05
      1.983  0.00000E+00  0.00000E+00  0.49646E+05  0.68809E+05  0.87286E+05  0.85916E+05  0.82322E+05  0.82076E+05  0.83381E+05  0.84686E+05  0.85992E+05
      2.217  0.00000E+00  0.00000E+00  0.47357E+05  0.63901E+05  0.79686E+05  0.77863E+05  0.74689E+05  0.74537E+05  0.75820E+05  0.77102E+05  0.78385E+05
      2.567  0.00000E+00  0.00000E+00  0.45240E+05  0.57065E+05  0.66165E+05  0.64651E+05  0.61945E+05  0.61778E+05  0.62796E+05  0.63813E+05  0.64831E+05
      3.033  0.00000E+00  0.00000E+00  0.36962E+05  0.45774E+05  0.47726E+05  0.43894E+05  0.40966E+05  0.40413E+05  0.40769E+05  0.41125E+05  0.41482E+05
      3.500  0.00000E+00  0.00000E+00  0.25888E+05  0.34220E+05  0.30804E+05  0.26147E+05  0.24914E+05  0.24875E+05  0.25415E+05  0.25954E+05  0.26493E+05
      3.967  0.00000E+00  0.00000E+00  0.18438E+05  0.25450E+05  0.20245E+05  0.18238E+05  0.18503E+05  0.18732E+05  0.19056E+05  0.19380E+05  0.19704E+05
      4.433  0.00000E+00  0.00000E+00  0.14175E+05  0.18614E+05  0.15586E+05  0.15153E+05  0.15564E+05  0.15821E+05  0.16129E+05  0.16438E+05  0.16746E+05
      4.900  0.00000E+00  0.00000E+00  0.12419E+05  0.15250E+05  0.13602E+05  0.13542E+05  0.13876E+05  0.14052E+05  0.14238E+05  0.14425E+05  0.14611E+05
      5.367  0.00000E+00  0.00000E+00  0.11795E+05  0.13453E+05  0.12519E+05  0.12626E+05  0.12870E+05  0.12985E+05  0.13091E+05  0.13197E+05  0.13302E+05
      5.833  0.00000E+00  0.00000E+00  0.12407E+05  0.12327E+05  0.11901E+05  0.12159E+05  0.12394E+05  0.12485E+05  0.12551E+05  0.12616E+05  0.12682E+05
      6.300  0.00000E+00  0.00000E+00  0.11200E+05  0.11709E+05  0.11795E+05  0.12136E+05  0.12383E+05  0.12469E+05  0.12518E+05  0.12566E+05  0.12615E+05
      6.767  0.00000E+00  0.00000E+00  0.12657E+05  0.11529E+05  0.11890E+05  0.12464E+05  0.12828E+05  0.12932E+05  0.12957E+05  0.12983E+05  0.13009E+05
      7.078  0.00000E+00  0.00000E+00  0.00000E+00  0.00000E+00  0.00000E+00  0.00000E+00  0.00000E+00  0.00000E+00  0.00000E+00  0.00000E+00  0.00000E+00
      7.233  0.00000E+00  0.00000E+00  0.00000E+00  0.00000E+00  0.00000E+00  0.00000E+00  0.00000E+00  0.00000E+00  0.00000E+00  0.00000E+00  0.00000E+00
      7.810  0.00000E+00  0.00000E+00  0.00000E+00  0.00000E+00  0.00000E+00  0.00000E+00  0.00000E+00  0.00000E+00  0.00000E+00  0.00000E+00  0.00000E+00
      8.810  0.00000E+00  0.00000E+00  0.00000E+00  0.00000E+00  0.00000E+00  0.00000E+00  0.00000E+00  0.00000E+00  0.00000E+00  0.00000E+00  0.00000E+00
      9.810  0.00000E+00  0.00000E+00  0.00000E+00  0.00000E+00  0.00000E+00  0.00000E+00  0.00000E+00  0.00000E+00  0.00000E+00  0.00000E+00  0.00000E+00
     10.310  0.00000E+00  0.00000E+00  0.00000E+00  0.00000E+00  0.00000E+00  0.00000E+00  0.00000E+00  0.00000E+00  0.00000E+00  0.00000E+00  0.00000E+00

    x  /  y   1.7500       2.0000       2.4000       2.8000       3.1550       3.3100    
     -0.310  0.00000E+00  0.00000E+00  0.00000E+00  0.00000E+00  0.00000E+00  0.00000E+00
     -0.155  0.00000E+00  0.00000E+00  0.00000E+00  0.00000E+00  0.00000E+00  0.00000E+00
      0.117  0.16515E+06  0.16512E+06  0.15686E+06  0.13609E+06  0.00000E+00  0.00000E+00
      0.350  0.14602E+06  0.14643E+06  0.14057E+06  0.12140E+06  0.00000E+00  0.00000E+00
      0.583  0.12689E+06  0.12774E+06  0.12429E+06  0.10672E+06  0.00000E+00  0.00000E+00
      0.817  0.11222E+06  0.11392E+06  0.11163E+06  0.94447E+05  0.00000E+00  0.00000E+00
      1.050  0.10203E+06  0.10497E+06  0.10259E+06  0.84582E+05  0.00000E+00  0.00000E+00
      1.283  0.96929E+05  0.10089E+06  0.98073E+05  0.77601E+05  0.00000E+00  0.00000E+00
      1.517  0.96913E+05  0.10167E+06  0.98068E+05  0.73505E+05  0.00000E+00  0.00000E+00
      1.750  0.93962E+05  0.99732E+05  0.96886E+05  0.70265E+05  0.00000E+00  0.00000E+00
      1.983  0.88075E+05  0.95066E+05  0.94525E+05  0.67882E+05  0.00000E+00  0.00000E+00
      2.217  0.80581E+05  0.88236E+05  0.89276E+05  0.64759E+05  0.00000E+00  0.00000E+00
      2.567  0.66928E+05  0.74742E+05  0.77069E+05  0.58964E+05  0.00000E+00  0.00000E+00
      3.033  0.42952E+05  0.49512E+05  0.56023E+05  0.41224E+05  0.00000E+00  0.00000E+00
      3.500  0.27424E+05  0.31055E+05  0.38597E+05  0.27966E+05  0.00000E+00  0.00000E+00
      3.967  0.20194E+05  0.22020E+05  0.26173E+05  0.20162E+05  0.00000E+00  0.00000E+00
      4.433  0.17070E+05  0.17879E+05  0.19717E+05  0.16148E+05  0.00000E+00  0.00000E+00
      4.900  0.14805E+05  0.15373E+05  0.16517E+05  0.14587E+05  0.00000E+00  0.00000E+00
      5.367  0.13422E+05  0.13765E+05  0.14342E+05  0.14877E+05  0.00000E+00  0.00000E+00
      5.833  0.12759E+05  0.12987E+05  0.13221E+05  0.12668E+05  0.00000E+00  0.00000E+00
      6.300  0.12665E+05  0.12801E+05  0.13046E+05  0.12025E+05  0.00000E+00  0.00000E+00
      6.767  0.12989E+05  0.12871E+05  0.12772E+05  0.11978E+05  0.00000E+00  0.00000E+00
      7.078  0.00000E+00  0.00000E+00  0.00000E+00  0.00000E+00  0.00000E+00  0.00000E+00
      7.233  0.00000E+00  0.00000E+00  0.00000E+00  0.00000E+00  0.00000E+00  0.00000E+00
      7.810  0.00000E+00  0.00000E+00  0.00000E+00  0.00000E+00  0.00000E+00  0.00000E+00
      8.810  0.00000E+00  0.00000E+00  0.00000E+00  0.00000E+00  0.00000E+00  0.00000E+00
      9.810  0.00000E+00  0.00000E+00  0.00000E+00  0.00000E+00  0.00000E+00  0.00000E+00
     10.310  0.00000E+00  0.00000E+00  0.00000E+00  0.00000E+00  0.00000E+00  0.00000E+00
