   807025.557800785        input qc_tot
   126045.557790025        maximum flux input value
   6256.38799236883        minimum flux input value
        
   1081830.19060155        adjusted total qrs
   168966.011658979        maximum flux adjusted value
   8386.78446901476        minimum flux adjusted value

         adjusted surface radiation heat flux (W/m**2)

    x  /  y -0.31000     -0.15500      0.15000      0.45000      0.75000       1.0500       1.2500       1.3500       1.4500       1.5500       1.6500    
     -0.310  0.00000E+00  0.00000E+00  0.00000E+00  0.00000E+00  0.00000E+00  0.00000E+00  0.00000E+00  0.00000E+00  0.00000E+00  0.00000E+00  0.00000E+00
     -0.155  0.00000E+00  0.00000E+00  0.00000E+00  0.00000E+00  0.00000E+00  0.00000E+00  0.00000E+00  0.00000E+00  0.00000E+00  0.00000E+00  0.00000E+00
      0.117  0.00000E+00  0.00000E+00  0.15235E+06  0.16014E+06  0.15815E+06  0.16216E+06  0.16765E+06  0.16895E+06  0.16881E+06  0.16866E+06  0.16852E+06
      0.350  0.00000E+00  0.00000E+00  0.13501E+06  0.14132E+06  0.14070E+06  0.14193E+06  0.14515E+06  0.14599E+06  0.14606E+06  0.14614E+06  0.14621E+06
      0.583  0.00000E+00  0.00000E+00  0.11768E+06  0.12251E+06  0.12325E+06  0.12170E+06  0.12264E+06  0.12303E+06  0.12332E+06  0.12361E+06  0.12390E+06
      0.817  0.00000E+00  0.00000E+00  0.10196E+06  0.10753E+06  0.11044E+06  0.10799E+06  0.10789E+06  0.10794E+06  0.10808E+06  0.10822E+06  0.10836E+06
      1.050  0.00000E+00  0.00000E+00  0.87870E+05  0.96393E+05  0.10228E+06  0.10080E+06  0.10090E+06  0.10073E+06  0.10036E+06  0.99979E+05  0.99602E+05
      1.283  0.00000E+00  0.00000E+00  0.75934E+05  0.88543E+05  0.98163E+05  0.97181E+05  0.96726E+05  0.96420E+05  0.96036E+05  0.95652E+05  0.95268E+05
      1.517  0.00000E+00  0.00000E+00  0.66155E+05  0.83985E+05  0.98105E+05  0.97135E+05  0.95379E+05  0.95000E+05  0.95121E+05  0.95242E+05  0.95362E+05
      1.750  0.00000E+00  0.00000E+00  0.59116E+05  0.78416E+05  0.94591E+05  0.93759E+05  0.91602E+05  0.91279E+05  0.91710E+05  0.92142E+05  0.92573E+05
      1.983  0.00000E+00  0.00000E+00  0.54818E+05  0.71837E+05  0.87619E+05  0.87049E+05  0.85395E+05  0.85255E+05  0.85803E+05  0.86351E+05  0.86899E+05
      2.217  0.00000E+00  0.00000E+00  0.50393E+05  0.65534E+05  0.79250E+05  0.79450E+05  0.77800E+05  0.77658E+05  0.78200E+05  0.78743E+05  0.79285E+05
      2.567  0.00000E+00  0.00000E+00  0.43564E+05  0.56496E+05  0.64602E+05  0.66714E+05  0.64325E+05  0.63902E+05  0.64252E+05  0.64602E+05  0.64952E+05
      3.033  0.00000E+00  0.00000E+00  0.31780E+05  0.42844E+05  0.43991E+05  0.43289E+05  0.43289E+05  0.43243E+05  0.43149E+05  0.43056E+05  0.42963E+05
      3.500  0.00000E+00  0.00000E+00  0.24266E+05  0.32979E+05  0.29065E+05  0.27523E+05  0.27452E+05  0.27585E+05  0.27888E+05  0.28192E+05  0.28495E+05
      3.967  0.00000E+00  0.00000E+00  0.18728E+05  0.24095E+05  0.21593E+05  0.21042E+05  0.21487E+05  0.21689E+05  0.21872E+05  0.22056E+05  0.22239E+05
      4.433  0.00000E+00  0.00000E+00  0.16183E+05  0.19420E+05  0.18065E+05  0.18176E+05  0.18771E+05  0.19036E+05  0.19269E+05  0.19502E+05  0.19735E+05
      4.900  0.00000E+00  0.00000E+00  0.15717E+05  0.16395E+05  0.15728E+05  0.16175E+05  0.16761E+05  0.16989E+05  0.17152E+05  0.17316E+05  0.17479E+05
      5.367  0.00000E+00  0.00000E+00  0.14565E+05  0.14440E+05  0.14031E+05  0.14338E+05  0.14774E+05  0.14936E+05  0.15042E+05  0.15149E+05  0.15255E+05
      5.833  0.00000E+00  0.00000E+00  0.12743E+05  0.12641E+05  0.12495E+05  0.12615E+05  0.12738E+05  0.12808E+05  0.12886E+05  0.12963E+05  0.13041E+05
      6.300  0.00000E+00  0.00000E+00  0.11461E+05  0.10905E+05  0.10346E+05  0.10593E+05  0.10819E+05  0.10920E+05  0.11007E+05  0.11094E+05  0.11181E+05
      6.767  0.00000E+00  0.00000E+00  0.16950E+05  0.10003E+05  0.83868E+04  0.88503E+04  0.93549E+04  0.95294E+04  0.96264E+04  0.97233E+04  0.98202E+04
      7.078  0.00000E+00  0.00000E+00  0.00000E+00  0.00000E+00  0.00000E+00  0.00000E+00  0.00000E+00  0.00000E+00  0.00000E+00  0.00000E+00  0.00000E+00
      7.233  0.00000E+00  0.00000E+00  0.00000E+00  0.00000E+00  0.00000E+00  0.00000E+00  0.00000E+00  0.00000E+00  0.00000E+00  0.00000E+00  0.00000E+00
      7.810  0.00000E+00  0.00000E+00  0.00000E+00  0.00000E+00  0.00000E+00  0.00000E+00  0.00000E+00  0.00000E+00  0.00000E+00  0.00000E+00  0.00000E+00
      8.810  0.00000E+00  0.00000E+00  0.00000E+00  0.00000E+00  0.00000E+00  0.00000E+00  0.00000E+00  0.00000E+00  0.00000E+00  0.00000E+00  0.00000E+00
      9.810  0.00000E+00  0.00000E+00  0.00000E+00  0.00000E+00  0.00000E+00  0.00000E+00  0.00000E+00  0.00000E+00  0.00000E+00  0.00000E+00  0.00000E+00
     10.310  0.00000E+00  0.00000E+00  0.00000E+00  0.00000E+00  0.00000E+00  0.00000E+00  0.00000E+00  0.00000E+00  0.00000E+00  0.00000E+00  0.00000E+00

    x  /  y   1.7500       2.0000       2.4000       2.8000       3.1550       3.3100    
     -0.310  0.00000E+00  0.00000E+00  0.00000E+00  0.00000E+00  0.00000E+00  0.00000E+00
     -0.155  0.00000E+00  0.00000E+00  0.00000E+00  0.00000E+00  0.00000E+00  0.00000E+00
      0.117  0.16854E+06  0.16897E+06  0.16256E+06  0.14269E+06  0.00000E+00  0.00000E+00
      0.350  0.14637E+06  0.14706E+06  0.14324E+06  0.12542E+06  0.00000E+00  0.00000E+00
      0.583  0.12420E+06  0.12516E+06  0.12391E+06  0.10815E+06  0.00000E+00  0.00000E+00
      0.817  0.10867E+06  0.11012E+06  0.10989E+06  0.94451E+05  0.00000E+00  0.00000E+00
      1.050  0.99771E+05  0.10193E+06  0.10116E+06  0.84327E+05  0.00000E+00  0.00000E+00
      1.283  0.95649E+05  0.98811E+05  0.97707E+05  0.78650E+05  0.00000E+00  0.00000E+00
      1.517  0.96301E+05  0.10076E+06  0.99534E+05  0.77421E+05  0.00000E+00  0.00000E+00
      1.750  0.93858E+05  0.99203E+05  0.98483E+05  0.75171E+05  0.00000E+00  0.00000E+00
      1.983  0.88319E+05  0.94151E+05  0.94554E+05  0.71901E+05  0.00000E+00  0.00000E+00
      2.217  0.80757E+05  0.86912E+05  0.88103E+05  0.66685E+05  0.00000E+00  0.00000E+00
      2.567  0.66380E+05  0.72772E+05  0.74644E+05  0.55941E+05  0.00000E+00  0.00000E+00
      3.033  0.43497E+05  0.46713E+05  0.50980E+05  0.39120E+05  0.00000E+00  0.00000E+00
      3.500  0.28953E+05  0.30708E+05  0.34377E+05  0.27452E+05  0.00000E+00  0.00000E+00
      3.967  0.22504E+05  0.23468E+05  0.25486E+05  0.21737E+05  0.00000E+00  0.00000E+00
      4.433  0.19819E+05  0.19766E+05  0.20631E+05  0.20614E+05  0.00000E+00  0.00000E+00
      4.900  0.17583E+05  0.17728E+05  0.17928E+05  0.17467E+05  0.00000E+00  0.00000E+00
      5.367  0.15352E+05  0.15592E+05  0.16030E+05  0.15299E+05  0.00000E+00  0.00000E+00
      5.833  0.13165E+05  0.13615E+05  0.14094E+05  0.14246E+05  0.00000E+00  0.00000E+00
      6.300  0.11304E+05  0.11583E+05  0.12406E+05  0.14700E+05  0.00000E+00  0.00000E+00
      6.767  0.98255E+04  0.97592E+04  0.12056E+05  0.23881E+05  0.00000E+00  0.00000E+00
      7.078  0.00000E+00  0.00000E+00  0.00000E+00  0.00000E+00  0.00000E+00  0.00000E+00
      7.233  0.00000E+00  0.00000E+00  0.00000E+00  0.00000E+00  0.00000E+00  0.00000E+00
      7.810  0.00000E+00  0.00000E+00  0.00000E+00  0.00000E+00  0.00000E+00  0.00000E+00
      8.810  0.00000E+00  0.00000E+00  0.00000E+00  0.00000E+00  0.00000E+00  0.00000E+00
      9.810  0.00000E+00  0.00000E+00  0.00000E+00  0.00000E+00  0.00000E+00  0.00000E+00
     10.310  0.00000E+00  0.00000E+00  0.00000E+00  0.00000E+00  0.00000E+00  0.00000E+00
