   794675.029559451        input qc_tot_r
   125797.460526919        maximum flux input value
   5986.48113210515        minimum flux input value
        
   1065274.11726260        adjusted total qrs_r
   168633.433456418        maximum flux adjusted value
   8024.97016553788        minimum flux adjusted value

         adjusted surface radiation heat flux (W/m**2)

    x  /  y -0.31000     -0.15500      0.15000      0.45000      0.75000       1.0500       1.2500       1.3500       1.4500       1.5500       1.6500    
     -0.310  0.00000E+00  0.00000E+00  0.00000E+00  0.00000E+00  0.00000E+00  0.00000E+00  0.00000E+00  0.00000E+00  0.00000E+00  0.00000E+00  0.00000E+00
     -0.155  0.00000E+00  0.00000E+00  0.00000E+00  0.00000E+00  0.00000E+00  0.00000E+00  0.00000E+00  0.00000E+00  0.00000E+00  0.00000E+00  0.00000E+00
      0.117  0.00000E+00  0.00000E+00  0.13417E+06  0.15113E+06  0.16084E+06  0.16597E+06  0.16740E+06  0.16789E+06  0.16813E+06  0.16838E+06  0.16863E+06
      0.350  0.00000E+00  0.00000E+00  0.11777E+06  0.13241E+06  0.14046E+06  0.14436E+06  0.14518E+06  0.14545E+06  0.14560E+06  0.14575E+06  0.14590E+06
      0.583  0.00000E+00  0.00000E+00  0.10137E+06  0.11370E+06  0.12008E+06  0.12276E+06  0.12295E+06  0.12302E+06  0.12307E+06  0.12312E+06  0.12317E+06
      0.817  0.00000E+00  0.00000E+00  0.88040E+05  0.99524E+05  0.10515E+06  0.10643E+06  0.10614E+06  0.10621E+06  0.10649E+06  0.10678E+06  0.10706E+06
      1.050  0.00000E+00  0.00000E+00  0.77775E+05  0.89883E+05  0.95672E+05  0.95354E+05  0.94741E+05  0.95013E+05  0.95863E+05  0.96714E+05  0.97564E+05
      1.283  0.00000E+00  0.00000E+00  0.71718E+05  0.85601E+05  0.91841E+05  0.90788E+05  0.89432E+05  0.89515E+05  0.90358E+05  0.91201E+05  0.92044E+05
      1.517  0.00000E+00  0.00000E+00  0.69873E+05  0.86680E+05  0.93661E+05  0.92730E+05  0.90214E+05  0.89716E+05  0.89977E+05  0.90238E+05  0.90499E+05
      1.750  0.00000E+00  0.00000E+00  0.68158E+05  0.86355E+05  0.93721E+05  0.92425E+05  0.89214E+05  0.88341E+05  0.88200E+05  0.88058E+05  0.87917E+05
      1.983  0.00000E+00  0.00000E+00  0.66574E+05  0.84625E+05  0.92021E+05  0.89872E+05  0.86432E+05  0.85390E+05  0.85025E+05  0.84661E+05  0.84297E+05
      2.217  0.00000E+00  0.00000E+00  0.62844E+05  0.80456E+05  0.87994E+05  0.85477E+05  0.82054E+05  0.80961E+05  0.80486E+05  0.80010E+05  0.79534E+05
      2.567  0.00000E+00  0.00000E+00  0.54030E+05  0.70540E+05  0.78463E+05  0.76119E+05  0.73095E+05  0.72102E+05  0.71626E+05  0.71151E+05  0.70675E+05
      3.033  0.00000E+00  0.00000E+00  0.37824E+05  0.51159E+05  0.56510E+05  0.55840E+05  0.54716E+05  0.54195E+05  0.53716E+05  0.53237E+05  0.52759E+05
      3.500  0.00000E+00  0.00000E+00  0.27915E+05  0.37800E+05  0.37935E+05  0.34718E+05  0.34422E+05  0.34225E+05  0.33979E+05  0.33733E+05  0.33487E+05
      3.967  0.00000E+00  0.00000E+00  0.20684E+05  0.27054E+05  0.26470E+05  0.24778E+05  0.24686E+05  0.24548E+05  0.24319E+05  0.24089E+05  0.23860E+05
      4.433  0.00000E+00  0.00000E+00  0.17746E+05  0.21719E+05  0.21204E+05  0.19903E+05  0.19944E+05  0.19849E+05  0.19640E+05  0.19430E+05  0.19221E+05
      4.900  0.00000E+00  0.00000E+00  0.16946E+05  0.17835E+05  0.17652E+05  0.16992E+05  0.17084E+05  0.17037E+05  0.16898E+05  0.16758E+05  0.16618E+05
      5.367  0.00000E+00  0.00000E+00  0.15445E+05  0.15620E+05  0.15444E+05  0.14991E+05  0.14970E+05  0.14922E+05  0.14836E+05  0.14749E+05  0.14663E+05
      5.833  0.00000E+00  0.00000E+00  0.14901E+05  0.13839E+05  0.13781E+05  0.13337E+05  0.13240E+05  0.13186E+05  0.13125E+05  0.13065E+05  0.13004E+05
      6.300  0.00000E+00  0.00000E+00  0.17102E+05  0.13486E+05  0.11877E+05  0.11329E+05  0.11117E+05  0.11029E+05  0.10958E+05  0.10888E+05  0.10818E+05
      6.767  0.00000E+00  0.00000E+00  0.34270E+05  0.16114E+05  0.11563E+05  0.94788E+04  0.92387E+04  0.91275E+04  0.90250E+04  0.89226E+04  0.88202E+04
      7.078  0.00000E+00  0.00000E+00  0.00000E+00  0.00000E+00  0.00000E+00  0.00000E+00  0.00000E+00  0.00000E+00  0.00000E+00  0.00000E+00  0.00000E+00
      7.233  0.00000E+00  0.00000E+00  0.00000E+00  0.00000E+00  0.00000E+00  0.00000E+00  0.00000E+00  0.00000E+00  0.00000E+00  0.00000E+00  0.00000E+00
      7.810  0.00000E+00  0.00000E+00  0.00000E+00  0.00000E+00  0.00000E+00  0.00000E+00  0.00000E+00  0.00000E+00  0.00000E+00  0.00000E+00  0.00000E+00
      8.810  0.00000E+00  0.00000E+00  0.00000E+00  0.00000E+00  0.00000E+00  0.00000E+00  0.00000E+00  0.00000E+00  0.00000E+00  0.00000E+00  0.00000E+00
      9.810  0.00000E+00  0.00000E+00  0.00000E+00  0.00000E+00  0.00000E+00  0.00000E+00  0.00000E+00  0.00000E+00  0.00000E+00  0.00000E+00  0.00000E+00
     10.310  0.00000E+00  0.00000E+00  0.00000E+00  0.00000E+00  0.00000E+00  0.00000E+00  0.00000E+00  0.00000E+00  0.00000E+00  0.00000E+00  0.00000E+00

    x  /  y   1.7500       2.0000       2.4000       2.8000       3.1550       3.3100    
     -0.310  0.00000E+00  0.00000E+00  0.00000E+00  0.00000E+00  0.00000E+00  0.00000E+00
     -0.155  0.00000E+00  0.00000E+00  0.00000E+00  0.00000E+00  0.00000E+00  0.00000E+00
      0.117  0.16700E+06  0.15812E+06  0.15540E+06  0.14988E+06  0.00000E+00  0.00000E+00
      0.350  0.14475E+06  0.13854E+06  0.13716E+06  0.13151E+06  0.00000E+00  0.00000E+00
      0.583  0.12250E+06  0.11895E+06  0.11892E+06  0.11313E+06  0.00000E+00  0.00000E+00
      0.817  0.10687E+06  0.10524E+06  0.10492E+06  0.97380E+05  0.00000E+00  0.00000E+00
      1.050  0.97867E+05  0.97391E+05  0.95156E+05  0.84257E+05  0.00000E+00  0.00000E+00
      1.283  0.92668E+05  0.93840E+05  0.89679E+05  0.73432E+05  0.00000E+00  0.00000E+00
      1.517  0.91274E+05  0.94587E+05  0.88492E+05  0.64906E+05  0.00000E+00  0.00000E+00
      1.750  0.88468E+05  0.91644E+05  0.84924E+05  0.58393E+05  0.00000E+00  0.00000E+00
      1.983  0.84249E+05  0.85009E+05  0.78975E+05  0.53896E+05  0.00000E+00  0.00000E+00
      2.217  0.79079E+05  0.78020E+05  0.71578E+05  0.49329E+05  0.00000E+00  0.00000E+00
      2.567  0.69899E+05  0.67004E+05  0.58311E+05  0.42377E+05  0.00000E+00  0.00000E+00
      3.033  0.51870E+05  0.48248E+05  0.41757E+05  0.29948E+05  0.00000E+00  0.00000E+00
      3.500  0.32841E+05  0.29977E+05  0.28504E+05  0.21457E+05  0.00000E+00  0.00000E+00
      3.967  0.23416E+05  0.21679E+05  0.21310E+05  0.17897E+05  0.00000E+00  0.00000E+00
      4.433  0.18922E+05  0.17926E+05  0.17631E+05  0.18376E+05  0.00000E+00  0.00000E+00
      4.900  0.16413E+05  0.15722E+05  0.15374E+05  0.15569E+05  0.00000E+00  0.00000E+00
      5.367  0.14511E+05  0.13952E+05  0.13964E+05  0.14107E+05  0.00000E+00  0.00000E+00
      5.833  0.12878E+05  0.12371E+05  0.12488E+05  0.12773E+05  0.00000E+00  0.00000E+00
      6.300  0.10697E+05  0.10247E+05  0.10221E+05  0.11576E+05  0.00000E+00  0.00000E+00
      6.767  0.86985E+04  0.83273E+04  0.80250E+04  0.16175E+05  0.00000E+00  0.00000E+00
      7.078  0.00000E+00  0.00000E+00  0.00000E+00  0.00000E+00  0.00000E+00  0.00000E+00
      7.233  0.00000E+00  0.00000E+00  0.00000E+00  0.00000E+00  0.00000E+00  0.00000E+00
      7.810  0.00000E+00  0.00000E+00  0.00000E+00  0.00000E+00  0.00000E+00  0.00000E+00
      8.810  0.00000E+00  0.00000E+00  0.00000E+00  0.00000E+00  0.00000E+00  0.00000E+00
      9.810  0.00000E+00  0.00000E+00  0.00000E+00  0.00000E+00  0.00000E+00  0.00000E+00
     10.310  0.00000E+00  0.00000E+00  0.00000E+00  0.00000E+00  0.00000E+00  0.00000E+00
