   1092043.10350550        input qc_tot
   161855.206425062        maximum flux input value
   13388.5870044121        minimum flux input value
        
   1084262.38232212        relaxed total qrs
   161216.614551609        maximum flux relaxed value
   12243.6055469622        minimum flux relaxed value

         relaxed surface radiation heat flux (W/m**2)

    x  /  y -0.31000     -0.15500      0.15000      0.45000      0.75000       1.0500       1.2500       1.3500       1.4500       1.5500       1.6500    
     -0.310  0.00000E+00  0.00000E+00  0.00000E+00  0.00000E+00  0.00000E+00  0.00000E+00  0.00000E+00  0.00000E+00  0.00000E+00  0.00000E+00  0.00000E+00
     -0.155  0.00000E+00  0.00000E+00  0.00000E+00  0.00000E+00  0.00000E+00  0.00000E+00  0.00000E+00  0.00000E+00  0.00000E+00  0.00000E+00  0.00000E+00
      0.117  0.00000E+00  0.00000E+00  0.11038E+06  0.12535E+06  0.13399E+06  0.14309E+06  0.14812E+06  0.15070E+06  0.15336E+06  0.15601E+06  0.15866E+06
      0.350  0.00000E+00  0.00000E+00  0.98728E+05  0.11215E+06  0.12004E+06  0.12756E+06  0.13214E+06  0.13434E+06  0.13646E+06  0.13857E+06  0.14068E+06
      0.583  0.00000E+00  0.00000E+00  0.87077E+05  0.98953E+05  0.10609E+06  0.11203E+06  0.11616E+06  0.11798E+06  0.11955E+06  0.12113E+06  0.12271E+06
      0.817  0.00000E+00  0.00000E+00  0.77628E+05  0.88226E+05  0.94968E+05  0.99156E+05  0.10221E+06  0.10370E+06  0.10515E+06  0.10660E+06  0.10804E+06
      1.050  0.00000E+00  0.00000E+00  0.70380E+05  0.79969E+05  0.86677E+05  0.88943E+05  0.90306E+05  0.91511E+05  0.93241E+05  0.94971E+05  0.96701E+05
      1.283  0.00000E+00  0.00000E+00  0.64314E+05  0.75350E+05  0.82244E+05  0.83868E+05  0.83606E+05  0.84335E+05  0.85923E+05  0.87512E+05  0.89100E+05
      1.517  0.00000E+00  0.00000E+00  0.59431E+05  0.74370E+05  0.81670E+05  0.83933E+05  0.82116E+05  0.82173E+05  0.83196E+05  0.84219E+05  0.85242E+05
      1.750  0.00000E+00  0.00000E+00  0.57526E+05  0.74819E+05  0.82120E+05  0.84644E+05  0.81950E+05  0.81529E+05  0.82034E+05  0.82539E+05  0.83045E+05
      1.983  0.00000E+00  0.00000E+00  0.58600E+05  0.76699E+05  0.83595E+05  0.86001E+05  0.83107E+05  0.82401E+05  0.82437E+05  0.82472E+05  0.82508E+05
      2.217  0.00000E+00  0.00000E+00  0.59689E+05  0.76991E+05  0.83199E+05  0.85010E+05  0.82048E+05  0.81169E+05  0.80892E+05  0.80616E+05  0.80339E+05
      2.567  0.00000E+00  0.00000E+00  0.61344E+05  0.75049E+05  0.79796E+05  0.79999E+05  0.77134E+05  0.76163E+05  0.75654E+05  0.75144E+05  0.74635E+05
      3.033  0.00000E+00  0.00000E+00  0.49588E+05  0.65349E+05  0.66765E+05  0.62282E+05  0.60030E+05  0.59161E+05  0.58549E+05  0.57938E+05  0.57326E+05
      3.500  0.00000E+00  0.00000E+00  0.37550E+05  0.52265E+05  0.51624E+05  0.44463E+05  0.41941E+05  0.41043E+05  0.40506E+05  0.39969E+05  0.39433E+05
      3.967  0.00000E+00  0.00000E+00  0.27196E+05  0.36322E+05  0.36296E+05  0.31809E+05  0.30308E+05  0.29637E+05  0.29045E+05  0.28452E+05  0.27860E+05
      4.433  0.00000E+00  0.00000E+00  0.21488E+05  0.26282E+05  0.26778E+05  0.24458E+05  0.23527E+05  0.23042E+05  0.22537E+05  0.22032E+05  0.21527E+05
      4.900  0.00000E+00  0.00000E+00  0.19364E+05  0.19719E+05  0.20383E+05  0.19473E+05  0.19014E+05  0.18724E+05  0.18373E+05  0.18022E+05  0.17672E+05
      5.367  0.00000E+00  0.00000E+00  0.15644E+05  0.16212E+05  0.16672E+05  0.16296E+05  0.16300E+05  0.16207E+05  0.16020E+05  0.15832E+05  0.15644E+05
      5.833  0.00000E+00  0.00000E+00  0.14173E+05  0.14546E+05  0.14919E+05  0.14798E+05  0.14831E+05  0.14754E+05  0.14586E+05  0.14417E+05  0.14248E+05
      6.300  0.00000E+00  0.00000E+00  0.13663E+05  0.13806E+05  0.14201E+05  0.14160E+05  0.14157E+05  0.14144E+05  0.14120E+05  0.14095E+05  0.14071E+05
      6.767  0.00000E+00  0.00000E+00  0.16656E+05  0.14032E+05  0.13872E+05  0.13913E+05  0.13945E+05  0.13934E+05  0.13897E+05  0.13859E+05  0.13822E+05
      7.078  0.00000E+00  0.00000E+00  0.00000E+00  0.00000E+00  0.00000E+00  0.00000E+00  0.00000E+00  0.00000E+00  0.00000E+00  0.00000E+00  0.00000E+00
      7.233  0.00000E+00  0.00000E+00  0.00000E+00  0.00000E+00  0.00000E+00  0.00000E+00  0.00000E+00  0.00000E+00  0.00000E+00  0.00000E+00  0.00000E+00
      7.810  0.00000E+00  0.00000E+00  0.00000E+00  0.00000E+00  0.00000E+00  0.00000E+00  0.00000E+00  0.00000E+00  0.00000E+00  0.00000E+00  0.00000E+00
      8.810  0.00000E+00  0.00000E+00  0.00000E+00  0.00000E+00  0.00000E+00  0.00000E+00  0.00000E+00  0.00000E+00  0.00000E+00  0.00000E+00  0.00000E+00
      9.810  0.00000E+00  0.00000E+00  0.00000E+00  0.00000E+00  0.00000E+00  0.00000E+00  0.00000E+00  0.00000E+00  0.00000E+00  0.00000E+00  0.00000E+00
     10.310  0.00000E+00  0.00000E+00  0.00000E+00  0.00000E+00  0.00000E+00  0.00000E+00  0.00000E+00  0.00000E+00  0.00000E+00  0.00000E+00  0.00000E+00

    x  /  y   1.7500       2.0000       2.4000       2.8000       3.1550       3.3100    
     -0.310  0.00000E+00  0.00000E+00  0.00000E+00  0.00000E+00  0.00000E+00  0.00000E+00
     -0.155  0.00000E+00  0.00000E+00  0.00000E+00  0.00000E+00  0.00000E+00  0.00000E+00
      0.117  0.16022E+06  0.16097E+06  0.16122E+06  0.14726E+06  0.00000E+00  0.00000E+00
      0.350  0.14209E+06  0.14357E+06  0.14353E+06  0.13088E+06  0.00000E+00  0.00000E+00
      0.583  0.12395E+06  0.12617E+06  0.12585E+06  0.11450E+06  0.00000E+00  0.00000E+00
      0.817  0.10932E+06  0.11210E+06  0.11090E+06  0.99814E+05  0.00000E+00  0.00000E+00
      1.050  0.98189E+05  0.10136E+06  0.98693E+05  0.86833E+05  0.00000E+00  0.00000E+00
      1.283  0.90648E+05  0.94461E+05  0.89714E+05  0.74645E+05  0.00000E+00  0.00000E+00
      1.517  0.86697E+05  0.91415E+05  0.83964E+05  0.63251E+05  0.00000E+00  0.00000E+00
      1.750  0.84119E+05  0.88232E+05  0.79538E+05  0.56222E+05  0.00000E+00  0.00000E+00
      1.983  0.82916E+05  0.84912E+05  0.76437E+05  0.53560E+05  0.00000E+00  0.00000E+00
      2.217  0.80262E+05  0.80598E+05  0.73053E+05  0.51804E+05  0.00000E+00  0.00000E+00
      2.567  0.74104E+05  0.72635E+05  0.67553E+05  0.50530E+05  0.00000E+00  0.00000E+00
      3.033  0.56414E+05  0.53136E+05  0.54438E+05  0.39323E+05  0.00000E+00  0.00000E+00
      3.500  0.38745E+05  0.36422E+05  0.40554E+05  0.29883E+05  0.00000E+00  0.00000E+00
      3.967  0.27146E+05  0.24961E+05  0.26608E+05  0.21902E+05  0.00000E+00  0.00000E+00
      4.433  0.20965E+05  0.19368E+05  0.19539E+05  0.20460E+05  0.00000E+00  0.00000E+00
      4.900  0.17246E+05  0.15986E+05  0.15867E+05  0.15903E+05  0.00000E+00  0.00000E+00
      5.367  0.15371E+05  0.14478E+05  0.14343E+05  0.14080E+05  0.00000E+00  0.00000E+00
      5.833  0.14083E+05  0.13666E+05  0.13465E+05  0.12991E+05  0.00000E+00  0.00000E+00
      6.300  0.13934E+05  0.13308E+05  0.13063E+05  0.12244E+05  0.00000E+00  0.00000E+00
      6.767  0.13726E+05  0.13346E+05  0.12433E+05  0.13682E+05  0.00000E+00  0.00000E+00
      7.078  0.00000E+00  0.00000E+00  0.00000E+00  0.00000E+00  0.00000E+00  0.00000E+00
      7.233  0.00000E+00  0.00000E+00  0.00000E+00  0.00000E+00  0.00000E+00  0.00000E+00
      7.810  0.00000E+00  0.00000E+00  0.00000E+00  0.00000E+00  0.00000E+00  0.00000E+00
      8.810  0.00000E+00  0.00000E+00  0.00000E+00  0.00000E+00  0.00000E+00  0.00000E+00
      9.810  0.00000E+00  0.00000E+00  0.00000E+00  0.00000E+00  0.00000E+00  0.00000E+00
     10.310  0.00000E+00  0.00000E+00  0.00000E+00  0.00000E+00  0.00000E+00  0.00000E+00
