   1102900.78749774        input qc_tot
   162211.478775269        maximum flux input value
   13531.7305542290        minimum flux input value
        
   1086254.77602084        relaxed total qrs
   161355.666570126        maximum flux relaxed value
   12077.2258523932        minimum flux relaxed value

         relaxed surface radiation heat flux (W/m**2)

    x  /  y -0.31000     -0.15500      0.15000      0.45000      0.75000       1.0500       1.2500       1.3500       1.4500       1.5500       1.6500    
     -0.310  0.00000E+00  0.00000E+00  0.00000E+00  0.00000E+00  0.00000E+00  0.00000E+00  0.00000E+00  0.00000E+00  0.00000E+00  0.00000E+00  0.00000E+00
     -0.155  0.00000E+00  0.00000E+00  0.00000E+00  0.00000E+00  0.00000E+00  0.00000E+00  0.00000E+00  0.00000E+00  0.00000E+00  0.00000E+00  0.00000E+00
      0.117  0.00000E+00  0.00000E+00  0.14763E+06  0.16136E+06  0.16073E+06  0.16014E+06  0.15710E+06  0.15520E+06  0.15293E+06  0.15065E+06  0.14838E+06
      0.350  0.00000E+00  0.00000E+00  0.13137E+06  0.14328E+06  0.14528E+06  0.14276E+06  0.13906E+06  0.13719E+06  0.13530E+06  0.13341E+06  0.13152E+06
      0.583  0.00000E+00  0.00000E+00  0.11512E+06  0.12521E+06  0.12982E+06  0.12538E+06  0.12102E+06  0.11918E+06  0.11767E+06  0.11617E+06  0.11466E+06
      0.817  0.00000E+00  0.00000E+00  0.10032E+06  0.10978E+06  0.11662E+06  0.11130E+06  0.10635E+06  0.10443E+06  0.10307E+06  0.10171E+06  0.10035E+06
      1.050  0.00000E+00  0.00000E+00  0.86987E+05  0.96989E+05  0.10566E+06  0.10053E+06  0.95059E+05  0.92959E+05  0.91496E+05  0.90032E+05  0.88569E+05
      1.283  0.00000E+00  0.00000E+00  0.74505E+05  0.86705E+05  0.97980E+05  0.93475E+05  0.87544E+05  0.85440E+05  0.84197E+05  0.82954E+05  0.81711E+05
      1.517  0.00000E+00  0.00000E+00  0.62876E+05  0.78929E+05  0.93576E+05  0.90129E+05  0.83808E+05  0.81878E+05  0.81177E+05  0.80476E+05  0.79775E+05
      1.750  0.00000E+00  0.00000E+00  0.55614E+05  0.73638E+05  0.89262E+05  0.87097E+05  0.81455E+05  0.79924E+05  0.79684E+05  0.79444E+05  0.79204E+05
      1.983  0.00000E+00  0.00000E+00  0.52719E+05  0.70836E+05  0.85036E+05  0.84378E+05  0.80485E+05  0.79581E+05  0.79721E+05  0.79860E+05  0.79999E+05
      2.217  0.00000E+00  0.00000E+00  0.50953E+05  0.67918E+05  0.80013E+05  0.80165E+05  0.77668E+05  0.77242E+05  0.77639E+05  0.78036E+05  0.78434E+05
      2.567  0.00000E+00  0.00000E+00  0.50001E+05  0.63371E+05  0.71281E+05  0.71603E+05  0.70669E+05  0.70737E+05  0.71338E+05  0.71940E+05  0.72542E+05
      3.033  0.00000E+00  0.00000E+00  0.37953E+05  0.52527E+05  0.54072E+05  0.50767E+05  0.49979E+05  0.50162E+05  0.50922E+05  0.51683E+05  0.52443E+05
      3.500  0.00000E+00  0.00000E+00  0.27222E+05  0.40319E+05  0.37297E+05  0.35056E+05  0.35122E+05  0.35509E+05  0.36251E+05  0.36993E+05  0.37734E+05
      3.967  0.00000E+00  0.00000E+00  0.19505E+05  0.26916E+05  0.25013E+05  0.24794E+05  0.25621E+05  0.26171E+05  0.26859E+05  0.27546E+05  0.28234E+05
      4.433  0.00000E+00  0.00000E+00  0.16202E+05  0.19839E+05  0.19177E+05  0.19580E+05  0.20371E+05  0.20843E+05  0.21392E+05  0.21941E+05  0.22490E+05
      4.900  0.00000E+00  0.00000E+00  0.16493E+05  0.15996E+05  0.15791E+05  0.16284E+05  0.17044E+05  0.17423E+05  0.17800E+05  0.18178E+05  0.18556E+05
      5.367  0.00000E+00  0.00000E+00  0.14055E+05  0.14199E+05  0.14318E+05  0.14670E+05  0.15170E+05  0.15370E+05  0.15521E+05  0.15672E+05  0.15822E+05
      5.833  0.00000E+00  0.00000E+00  0.12836E+05  0.13353E+05  0.13474E+05  0.13771E+05  0.13992E+05  0.14118E+05  0.14261E+05  0.14403E+05  0.14546E+05
      6.300  0.00000E+00  0.00000E+00  0.12077E+05  0.12776E+05  0.13100E+05  0.13436E+05  0.13728E+05  0.13850E+05  0.13950E+05  0.14050E+05  0.14150E+05
      6.767  0.00000E+00  0.00000E+00  0.13742E+05  0.12337E+05  0.13019E+05  0.13620E+05  0.14106E+05  0.14248E+05  0.14291E+05  0.14333E+05  0.14375E+05
      7.078  0.00000E+00  0.00000E+00  0.00000E+00  0.00000E+00  0.00000E+00  0.00000E+00  0.00000E+00  0.00000E+00  0.00000E+00  0.00000E+00  0.00000E+00
      7.233  0.00000E+00  0.00000E+00  0.00000E+00  0.00000E+00  0.00000E+00  0.00000E+00  0.00000E+00  0.00000E+00  0.00000E+00  0.00000E+00  0.00000E+00
      7.810  0.00000E+00  0.00000E+00  0.00000E+00  0.00000E+00  0.00000E+00  0.00000E+00  0.00000E+00  0.00000E+00  0.00000E+00  0.00000E+00  0.00000E+00
      8.810  0.00000E+00  0.00000E+00  0.00000E+00  0.00000E+00  0.00000E+00  0.00000E+00  0.00000E+00  0.00000E+00  0.00000E+00  0.00000E+00  0.00000E+00
      9.810  0.00000E+00  0.00000E+00  0.00000E+00  0.00000E+00  0.00000E+00  0.00000E+00  0.00000E+00  0.00000E+00  0.00000E+00  0.00000E+00  0.00000E+00
     10.310  0.00000E+00  0.00000E+00  0.00000E+00  0.00000E+00  0.00000E+00  0.00000E+00  0.00000E+00  0.00000E+00  0.00000E+00  0.00000E+00  0.00000E+00

    x  /  y   1.7500       2.0000       2.4000       2.8000       3.1550       3.3100    
     -0.310  0.00000E+00  0.00000E+00  0.00000E+00  0.00000E+00  0.00000E+00  0.00000E+00
     -0.155  0.00000E+00  0.00000E+00  0.00000E+00  0.00000E+00  0.00000E+00  0.00000E+00
      0.117  0.14609E+06  0.14044E+06  0.13245E+06  0.11649E+06  0.00000E+00  0.00000E+00
      0.350  0.12981E+06  0.12609E+06  0.11900E+06  0.10373E+06  0.00000E+00  0.00000E+00
      0.583  0.11352E+06  0.11175E+06  0.10554E+06  0.90968E+05  0.00000E+00  0.00000E+00
      0.817  0.99735E+05  0.10016E+06  0.94391E+05  0.80934E+05  0.00000E+00  0.00000E+00
      1.050  0.88442E+05  0.91344E+05  0.85542E+05  0.73627E+05  0.00000E+00  0.00000E+00
      1.283  0.82135E+05  0.87035E+05  0.80999E+05  0.67626E+05  0.00000E+00  0.00000E+00
      1.517  0.80815E+05  0.87236E+05  0.80764E+05  0.62932E+05  0.00000E+00  0.00000E+00
      1.750  0.80666E+05  0.87925E+05  0.81469E+05  0.61256E+05  0.00000E+00  0.00000E+00
      1.983  0.81690E+05  0.89101E+05  0.83115E+05  0.62600E+05  0.00000E+00  0.00000E+00
      2.217  0.80226E+05  0.87539E+05  0.83014E+05  0.63647E+05  0.00000E+00  0.00000E+00
      2.567  0.74299E+05  0.81086E+05  0.80239E+05  0.64771E+05  0.00000E+00  0.00000E+00
      3.033  0.54349E+05  0.61951E+05  0.67671E+05  0.53278E+05  0.00000E+00  0.00000E+00
      3.500  0.38951E+05  0.43688E+05  0.52600E+05  0.41716E+05  0.00000E+00  0.00000E+00
      3.967  0.29100E+05  0.31983E+05  0.36415E+05  0.30469E+05  0.00000E+00  0.00000E+00
      4.433  0.23065E+05  0.24657E+05  0.26366E+05  0.26245E+05  0.00000E+00  0.00000E+00
      4.900  0.18911E+05  0.19758E+05  0.20276E+05  0.19190E+05  0.00000E+00  0.00000E+00
      5.367  0.16003E+05  0.16523E+05  0.16738E+05  0.16046E+05  0.00000E+00  0.00000E+00
      5.833  0.14669E+05  0.14920E+05  0.14981E+05  0.14510E+05  0.00000E+00  0.00000E+00
      6.300  0.14211E+05  0.14262E+05  0.14186E+05  0.13906E+05  0.00000E+00  0.00000E+00
      6.767  0.14346E+05  0.14134E+05  0.13992E+05  0.16351E+05  0.00000E+00  0.00000E+00
      7.078  0.00000E+00  0.00000E+00  0.00000E+00  0.00000E+00  0.00000E+00  0.00000E+00
      7.233  0.00000E+00  0.00000E+00  0.00000E+00  0.00000E+00  0.00000E+00  0.00000E+00
      7.810  0.00000E+00  0.00000E+00  0.00000E+00  0.00000E+00  0.00000E+00  0.00000E+00
      8.810  0.00000E+00  0.00000E+00  0.00000E+00  0.00000E+00  0.00000E+00  0.00000E+00
      9.810  0.00000E+00  0.00000E+00  0.00000E+00  0.00000E+00  0.00000E+00  0.00000E+00
     10.310  0.00000E+00  0.00000E+00  0.00000E+00  0.00000E+00  0.00000E+00  0.00000E+00
