   1097655.83874069        input qc_tot
   159973.544595152        maximum flux input value
   12190.2194984276        minimum flux input value
        
   1076391.78545393        relaxed total qrs
   156197.757760590        maximum flux relaxed value
   12043.4787127975        minimum flux relaxed value

         relaxed surface radiation heat flux (W/m**2)

    x  /  y -0.31000     -0.15500      0.15000      0.45000      0.75000       1.0500       1.2500       1.3500       1.4500       1.5500       1.6500    
     -0.310  0.00000E+00  0.00000E+00  0.00000E+00  0.00000E+00  0.00000E+00  0.00000E+00  0.00000E+00  0.00000E+00  0.00000E+00  0.00000E+00  0.00000E+00
     -0.155  0.00000E+00  0.00000E+00  0.00000E+00  0.00000E+00  0.00000E+00  0.00000E+00  0.00000E+00  0.00000E+00  0.00000E+00  0.00000E+00  0.00000E+00
      0.117  0.00000E+00  0.00000E+00  0.14016E+06  0.15620E+06  0.15497E+06  0.15466E+06  0.15177E+06  0.15009E+06  0.14817E+06  0.14625E+06  0.14433E+06
      0.350  0.00000E+00  0.00000E+00  0.12541E+06  0.14019E+06  0.14155E+06  0.13916E+06  0.13546E+06  0.13378E+06  0.13226E+06  0.13074E+06  0.12922E+06
      0.583  0.00000E+00  0.00000E+00  0.11066E+06  0.12419E+06  0.12814E+06  0.12365E+06  0.11916E+06  0.11748E+06  0.11636E+06  0.11524E+06  0.11412E+06
      0.817  0.00000E+00  0.00000E+00  0.96899E+05  0.11026E+06  0.11638E+06  0.11081E+06  0.10555E+06  0.10373E+06  0.10273E+06  0.10173E+06  0.10073E+06
      1.050  0.00000E+00  0.00000E+00  0.84129E+05  0.98408E+05  0.10626E+06  0.10063E+06  0.94626E+05  0.92545E+05  0.91384E+05  0.90223E+05  0.89062E+05
      1.283  0.00000E+00  0.00000E+00  0.71692E+05  0.88385E+05  0.98760E+05  0.93463E+05  0.86610E+05  0.84408E+05  0.83428E+05  0.82449E+05  0.81470E+05
      1.517  0.00000E+00  0.00000E+00  0.59589E+05  0.80191E+05  0.93882E+05  0.89311E+05  0.81500E+05  0.79320E+05  0.78864E+05  0.78409E+05  0.77954E+05
      1.750  0.00000E+00  0.00000E+00  0.51522E+05  0.74441E+05  0.89394E+05  0.85642E+05  0.78094E+05  0.76223E+05  0.76254E+05  0.76285E+05  0.76317E+05
      1.983  0.00000E+00  0.00000E+00  0.47494E+05  0.71135E+05  0.85299E+05  0.82456E+05  0.76394E+05  0.75119E+05  0.75599E+05  0.76079E+05  0.76559E+05
      2.217  0.00000E+00  0.00000E+00  0.44865E+05  0.67969E+05  0.80645E+05  0.78489E+05  0.73868E+05  0.73098E+05  0.73869E+05  0.74639E+05  0.75410E+05
      2.567  0.00000E+00  0.00000E+00  0.43024E+05  0.63429E+05  0.72826E+05  0.71368E+05  0.68837E+05  0.68689E+05  0.69658E+05  0.70628E+05  0.71598E+05
      3.033  0.00000E+00  0.00000E+00  0.41907E+05  0.53690E+05  0.56827E+05  0.52293E+05  0.50209E+05  0.50045E+05  0.50757E+05  0.51469E+05  0.52182E+05
      3.500  0.00000E+00  0.00000E+00  0.30041E+05  0.41277E+05  0.40215E+05  0.36676E+05  0.35620E+05  0.35767E+05  0.36589E+05  0.37412E+05  0.38234E+05
      3.967  0.00000E+00  0.00000E+00  0.21423E+05  0.30021E+05  0.26311E+05  0.25086E+05  0.25663E+05  0.26151E+05  0.26840E+05  0.27529E+05  0.28217E+05
      4.433  0.00000E+00  0.00000E+00  0.16402E+05  0.21497E+05  0.19293E+05  0.19068E+05  0.19761E+05  0.20198E+05  0.20725E+05  0.21251E+05  0.21777E+05
      4.900  0.00000E+00  0.00000E+00  0.14361E+05  0.17095E+05  0.16079E+05  0.16084E+05  0.16426E+05  0.16653E+05  0.16937E+05  0.17221E+05  0.17505E+05
      5.367  0.00000E+00  0.00000E+00  0.14834E+05  0.14488E+05  0.14204E+05  0.14432E+05  0.14673E+05  0.14814E+05  0.14973E+05  0.15133E+05  0.15293E+05
      5.833  0.00000E+00  0.00000E+00  0.12930E+05  0.13120E+05  0.13261E+05  0.13527E+05  0.13742E+05  0.13843E+05  0.13938E+05  0.14033E+05  0.14128E+05
      6.300  0.00000E+00  0.00000E+00  0.12043E+05  0.12659E+05  0.12835E+05  0.13187E+05  0.13462E+05  0.13562E+05  0.13624E+05  0.13687E+05  0.13749E+05
      6.767  0.00000E+00  0.00000E+00  0.12049E+05  0.12440E+05  0.12925E+05  0.13514E+05  0.13824E+05  0.13907E+05  0.13920E+05  0.13932E+05  0.13945E+05
      7.078  0.00000E+00  0.00000E+00  0.00000E+00  0.00000E+00  0.00000E+00  0.00000E+00  0.00000E+00  0.00000E+00  0.00000E+00  0.00000E+00  0.00000E+00
      7.233  0.00000E+00  0.00000E+00  0.00000E+00  0.00000E+00  0.00000E+00  0.00000E+00  0.00000E+00  0.00000E+00  0.00000E+00  0.00000E+00  0.00000E+00
      7.810  0.00000E+00  0.00000E+00  0.00000E+00  0.00000E+00  0.00000E+00  0.00000E+00  0.00000E+00  0.00000E+00  0.00000E+00  0.00000E+00  0.00000E+00
      8.810  0.00000E+00  0.00000E+00  0.00000E+00  0.00000E+00  0.00000E+00  0.00000E+00  0.00000E+00  0.00000E+00  0.00000E+00  0.00000E+00  0.00000E+00
      9.810  0.00000E+00  0.00000E+00  0.00000E+00  0.00000E+00  0.00000E+00  0.00000E+00  0.00000E+00  0.00000E+00  0.00000E+00  0.00000E+00  0.00000E+00
     10.310  0.00000E+00  0.00000E+00  0.00000E+00  0.00000E+00  0.00000E+00  0.00000E+00  0.00000E+00  0.00000E+00  0.00000E+00  0.00000E+00  0.00000E+00

    x  /  y   1.7500       2.0000       2.4000       2.8000       3.1550       3.3100    
     -0.310  0.00000E+00  0.00000E+00  0.00000E+00  0.00000E+00  0.00000E+00  0.00000E+00
     -0.155  0.00000E+00  0.00000E+00  0.00000E+00  0.00000E+00  0.00000E+00  0.00000E+00
      0.117  0.14240E+06  0.13768E+06  0.12875E+06  0.11249E+06  0.00000E+00  0.00000E+00
      0.350  0.12790E+06  0.12506E+06  0.11754E+06  0.10218E+06  0.00000E+00  0.00000E+00
      0.583  0.11340E+06  0.11244E+06  0.10634E+06  0.91868E+05  0.00000E+00  0.00000E+00
      0.817  0.10059E+06  0.10208E+06  0.97130E+05  0.83348E+05  0.00000E+00  0.00000E+00
      1.050  0.89459E+05  0.93986E+05  0.89910E+05  0.76621E+05  0.00000E+00  0.00000E+00
      1.283  0.82450E+05  0.89307E+05  0.85738E+05  0.71042E+05  0.00000E+00  0.00000E+00
      1.517  0.79559E+05  0.88048E+05  0.84616E+05  0.66610E+05  0.00000E+00  0.00000E+00
      1.750  0.78304E+05  0.87432E+05  0.84435E+05  0.64617E+05  0.00000E+00  0.00000E+00
      1.983  0.78686E+05  0.87459E+05  0.85197E+05  0.65064E+05  0.00000E+00  0.00000E+00
      2.217  0.77477E+05  0.85376E+05  0.84234E+05  0.65334E+05  0.00000E+00  0.00000E+00
      2.567  0.73278E+05  0.79085E+05  0.80202E+05  0.65472E+05  0.00000E+00  0.00000E+00
      3.033  0.53687E+05  0.59746E+05  0.67064E+05  0.51811E+05  0.00000E+00  0.00000E+00
      3.500  0.39561E+05  0.44478E+05  0.51849E+05  0.39388E+05  0.00000E+00  0.00000E+00
      3.967  0.29045E+05  0.31701E+05  0.35621E+05  0.28179E+05  0.00000E+00  0.00000E+00
      4.433  0.22289E+05  0.23671E+05  0.25344E+05  0.21336E+05  0.00000E+00  0.00000E+00
      4.900  0.17810E+05  0.18628E+05  0.19192E+05  0.18903E+05  0.00000E+00  0.00000E+00
      5.367  0.15471E+05  0.15930E+05  0.15921E+05  0.15586E+05  0.00000E+00  0.00000E+00
      5.833  0.14200E+05  0.14326E+05  0.14318E+05  0.13855E+05  0.00000E+00  0.00000E+00
      6.300  0.13777E+05  0.13767E+05  0.13625E+05  0.13004E+05  0.00000E+00  0.00000E+00
      6.767  0.13889E+05  0.13608E+05  0.13373E+05  0.12583E+05  0.00000E+00  0.00000E+00
      7.078  0.00000E+00  0.00000E+00  0.00000E+00  0.00000E+00  0.00000E+00  0.00000E+00
      7.233  0.00000E+00  0.00000E+00  0.00000E+00  0.00000E+00  0.00000E+00  0.00000E+00
      7.810  0.00000E+00  0.00000E+00  0.00000E+00  0.00000E+00  0.00000E+00  0.00000E+00
      8.810  0.00000E+00  0.00000E+00  0.00000E+00  0.00000E+00  0.00000E+00  0.00000E+00
      9.810  0.00000E+00  0.00000E+00  0.00000E+00  0.00000E+00  0.00000E+00  0.00000E+00
     10.310  0.00000E+00  0.00000E+00  0.00000E+00  0.00000E+00  0.00000E+00  0.00000E+00
