   1105261.77553515        input qc_tot
   158898.348504905        maximum flux input value
   12389.7351099188        minimum flux input value
        
   1077787.48094047        relaxed total qrs
   154787.921593959        maximum flux relaxed value
   12038.4505485735        minimum flux relaxed value

         relaxed surface radiation heat flux (W/m**2)

    x  /  y -0.31000     -0.15500      0.15000      0.45000      0.75000       1.0500       1.2500       1.3500       1.4500       1.5500       1.6500    
     -0.310  0.00000E+00  0.00000E+00  0.00000E+00  0.00000E+00  0.00000E+00  0.00000E+00  0.00000E+00  0.00000E+00  0.00000E+00  0.00000E+00  0.00000E+00
     -0.155  0.00000E+00  0.00000E+00  0.00000E+00  0.00000E+00  0.00000E+00  0.00000E+00  0.00000E+00  0.00000E+00  0.00000E+00  0.00000E+00  0.00000E+00
      0.117  0.00000E+00  0.00000E+00  0.10487E+06  0.12208E+06  0.12989E+06  0.13840E+06  0.14301E+06  0.14535E+06  0.14773E+06  0.15011E+06  0.15249E+06
      0.350  0.00000E+00  0.00000E+00  0.94377E+05  0.11087E+06  0.11810E+06  0.12483E+06  0.12907E+06  0.13102E+06  0.13281E+06  0.13459E+06  0.13638E+06
      0.583  0.00000E+00  0.00000E+00  0.83882E+05  0.99664E+05  0.10631E+06  0.11126E+06  0.11512E+06  0.11669E+06  0.11788E+06  0.11907E+06  0.12026E+06
      0.817  0.00000E+00  0.00000E+00  0.75360E+05  0.90448E+05  0.96727E+05  0.99750E+05  0.10237E+06  0.10355E+06  0.10462E+06  0.10569E+06  0.10675E+06
      1.050  0.00000E+00  0.00000E+00  0.68811E+05  0.83224E+05  0.89361E+05  0.90311E+05  0.90796E+05  0.91621E+05  0.93029E+05  0.94436E+05  0.95844E+05
      1.283  0.00000E+00  0.00000E+00  0.62972E+05  0.78775E+05  0.85039E+05  0.85114E+05  0.83930E+05  0.84288E+05  0.85595E+05  0.86903E+05  0.88211E+05
      1.517  0.00000E+00  0.00000E+00  0.57843E+05  0.77099E+05  0.83760E+05  0.84162E+05  0.81769E+05  0.81554E+05  0.82322E+05  0.83090E+05  0.83857E+05
      1.750  0.00000E+00  0.00000E+00  0.55083E+05  0.76847E+05  0.83644E+05  0.84054E+05  0.80955E+05  0.80338E+05  0.80652E+05  0.80967E+05  0.81282E+05
      1.983  0.00000E+00  0.00000E+00  0.54693E+05  0.78020E+05  0.84692E+05  0.84791E+05  0.81490E+05  0.80639E+05  0.80588E+05  0.80536E+05  0.80485E+05
      2.217  0.00000E+00  0.00000E+00  0.54542E+05  0.77902E+05  0.84085E+05  0.83875E+05  0.80694E+05  0.79737E+05  0.79415E+05  0.79093E+05  0.78771E+05
      2.567  0.00000E+00  0.00000E+00  0.54676E+05  0.75790E+05  0.80691E+05  0.80021E+05  0.77504E+05  0.76581E+05  0.75995E+05  0.75409E+05  0.74822E+05
      3.033  0.00000E+00  0.00000E+00  0.53579E+05  0.66155E+05  0.68217E+05  0.64080E+05  0.61674E+05  0.60743E+05  0.60083E+05  0.59422E+05  0.58762E+05
      3.500  0.00000E+00  0.00000E+00  0.39502E+05  0.52769E+05  0.53615E+05  0.47975E+05  0.45187E+05  0.44161E+05  0.43502E+05  0.42842E+05  0.42183E+05
      3.967  0.00000E+00  0.00000E+00  0.28158E+05  0.38800E+05  0.38477E+05  0.33311E+05  0.31867E+05  0.31198E+05  0.30582E+05  0.29967E+05  0.29352E+05
      4.433  0.00000E+00  0.00000E+00  0.20648E+05  0.27052E+05  0.26954E+05  0.24335E+05  0.23669E+05  0.23272E+05  0.22812E+05  0.22351E+05  0.21891E+05
      4.900  0.00000E+00  0.00000E+00  0.16679E+05  0.20273E+05  0.20088E+05  0.18966E+05  0.18496E+05  0.18247E+05  0.17983E+05  0.17720E+05  0.17457E+05
      5.367  0.00000E+00  0.00000E+00  0.16119E+05  0.15938E+05  0.16187E+05  0.15789E+05  0.15734E+05  0.15649E+05  0.15505E+05  0.15361E+05  0.15218E+05
      5.833  0.00000E+00  0.00000E+00  0.13755E+05  0.14052E+05  0.14427E+05  0.14337E+05  0.14344E+05  0.14304E+05  0.14223E+05  0.14142E+05  0.14061E+05
      6.300  0.00000E+00  0.00000E+00  0.12632E+05  0.13291E+05  0.13709E+05  0.13712E+05  0.13740E+05  0.13720E+05  0.13664E+05  0.13609E+05  0.13553E+05
      6.767  0.00000E+00  0.00000E+00  0.12435E+05  0.13047E+05  0.13384E+05  0.13451E+05  0.13491E+05  0.13519E+05  0.13553E+05  0.13588E+05  0.13622E+05
      7.078  0.00000E+00  0.00000E+00  0.00000E+00  0.00000E+00  0.00000E+00  0.00000E+00  0.00000E+00  0.00000E+00  0.00000E+00  0.00000E+00  0.00000E+00
      7.233  0.00000E+00  0.00000E+00  0.00000E+00  0.00000E+00  0.00000E+00  0.00000E+00  0.00000E+00  0.00000E+00  0.00000E+00  0.00000E+00  0.00000E+00
      7.810  0.00000E+00  0.00000E+00  0.00000E+00  0.00000E+00  0.00000E+00  0.00000E+00  0.00000E+00  0.00000E+00  0.00000E+00  0.00000E+00  0.00000E+00
      8.810  0.00000E+00  0.00000E+00  0.00000E+00  0.00000E+00  0.00000E+00  0.00000E+00  0.00000E+00  0.00000E+00  0.00000E+00  0.00000E+00  0.00000E+00
      9.810  0.00000E+00  0.00000E+00  0.00000E+00  0.00000E+00  0.00000E+00  0.00000E+00  0.00000E+00  0.00000E+00  0.00000E+00  0.00000E+00  0.00000E+00
     10.310  0.00000E+00  0.00000E+00  0.00000E+00  0.00000E+00  0.00000E+00  0.00000E+00  0.00000E+00  0.00000E+00  0.00000E+00  0.00000E+00  0.00000E+00

    x  /  y   1.7500       2.0000       2.4000       2.8000       3.1550       3.3100    
     -0.310  0.00000E+00  0.00000E+00  0.00000E+00  0.00000E+00  0.00000E+00  0.00000E+00
     -0.155  0.00000E+00  0.00000E+00  0.00000E+00  0.00000E+00  0.00000E+00  0.00000E+00
      0.117  0.15379E+06  0.15392E+06  0.15479E+06  0.14144E+06  0.00000E+00  0.00000E+00
      0.350  0.13751E+06  0.13846E+06  0.13926E+06  0.12690E+06  0.00000E+00  0.00000E+00
      0.583  0.12123E+06  0.12299E+06  0.12374E+06  0.11237E+06  0.00000E+00  0.00000E+00
      0.817  0.10779E+06  0.11030E+06  0.11044E+06  0.98975E+05  0.00000E+00  0.00000E+00
      1.050  0.97194E+05  0.10039E+06  0.99382E+05  0.86718E+05  0.00000E+00  0.00000E+00
      1.283  0.89691E+05  0.93758E+05  0.90893E+05  0.75041E+05  0.00000E+00  0.00000E+00
      1.517  0.85287E+05  0.90402E+05  0.84976E+05  0.63942E+05  0.00000E+00  0.00000E+00
      1.750  0.82406E+05  0.87140E+05  0.80409E+05  0.56835E+05  0.00000E+00  0.00000E+00
      1.983  0.81049E+05  0.83972E+05  0.77193E+05  0.53719E+05  0.00000E+00  0.00000E+00
      2.217  0.78851E+05  0.80059E+05  0.73568E+05  0.51694E+05  0.00000E+00  0.00000E+00
      2.567  0.74291E+05  0.73075E+05  0.67520E+05  0.50291E+05  0.00000E+00  0.00000E+00
      3.033  0.57958E+05  0.55325E+05  0.54081E+05  0.37859E+05  0.00000E+00  0.00000E+00
      3.500  0.41477E+05  0.39288E+05  0.40217E+05  0.28651E+05  0.00000E+00  0.00000E+00
      3.967  0.28602E+05  0.26236E+05  0.26853E+05  0.20849E+05  0.00000E+00  0.00000E+00
      4.433  0.21341E+05  0.19660E+05  0.19666E+05  0.16917E+05  0.00000E+00  0.00000E+00
      4.900  0.17154E+05  0.16268E+05  0.16222E+05  0.16460E+05  0.00000E+00  0.00000E+00
      5.367  0.15040E+05  0.14491E+05  0.14191E+05  0.14123E+05  0.00000E+00  0.00000E+00
      5.833  0.13942E+05  0.13541E+05  0.13222E+05  0.12900E+05  0.00000E+00  0.00000E+00
      6.300  0.13460E+05  0.13130E+05  0.12754E+05  0.12092E+05  0.00000E+00  0.00000E+00
      6.767  0.13586E+05  0.13305E+05  0.12621E+05  0.12038E+05  0.00000E+00  0.00000E+00
      7.078  0.00000E+00  0.00000E+00  0.00000E+00  0.00000E+00  0.00000E+00  0.00000E+00
      7.233  0.00000E+00  0.00000E+00  0.00000E+00  0.00000E+00  0.00000E+00  0.00000E+00
      7.810  0.00000E+00  0.00000E+00  0.00000E+00  0.00000E+00  0.00000E+00  0.00000E+00
      8.810  0.00000E+00  0.00000E+00  0.00000E+00  0.00000E+00  0.00000E+00  0.00000E+00
      9.810  0.00000E+00  0.00000E+00  0.00000E+00  0.00000E+00  0.00000E+00  0.00000E+00
     10.310  0.00000E+00  0.00000E+00  0.00000E+00  0.00000E+00  0.00000E+00  0.00000E+00
