   13167104.2172421        input qc_tot
   127274.305937033        maximum flux input value
  -141687.451313521        minimum flux input value
        
   12383352.9160577        relaxed total qrs
   123666.299271243        maximum flux relaxed value
  -139894.774454625        minimum flux relaxed value

         relaxed surface radiation heat flux (W/m**2)

    x  /  y -0.31000     -0.15500      0.22860      0.48220      0.71080      0.99060       1.0918       1.3966       1.7014       2.0080       2.3145    
     -0.310  0.00000E+00  0.00000E+00  0.00000E+00  0.00000E+00  0.00000E+00  0.00000E+00  0.00000E+00  0.00000E+00  0.00000E+00  0.00000E+00  0.00000E+00
     -0.155  0.00000E+00  0.00000E+00  0.00000E+00  0.00000E+00  0.00000E+00  0.00000E+00  0.00000E+00  0.00000E+00  0.00000E+00  0.00000E+00  0.00000E+00
      0.720  0.00000E+00  0.00000E+00  0.21435E+05  0.25146E+05  0.28491E+05  0.32586E+05  0.34067E+05  0.38527E+05  0.42987E+05  0.48708E+05  0.55306E+05
      2.161  0.00000E+00  0.00000E+00  0.34147E+05  0.35550E+05  0.36816E+05  0.38364E+05  0.38924E+05  0.40611E+05  0.42298E+05  0.47459E+05  0.55085E+05
      3.602  0.00000E+00  0.00000E+00  0.55499E+05  0.60165E+05  0.64372E+05  0.69520E+05  0.71382E+05  0.76991E+05  0.82599E+05  0.91179E+05  0.10185E+06
      5.043  0.00000E+00  0.00000E+00  0.67058E+05  0.66093E+05  0.65222E+05  0.64157E+05  0.63771E+05  0.62611E+05  0.61450E+05  0.68009E+05  0.80066E+05
      6.484  0.00000E+00  0.00000E+00  0.74072E+05  0.72536E+05  0.71151E+05  0.69457E+05  0.68844E+05  0.66997E+05  0.65151E+05  0.71547E+05  0.83813E+05
      7.925  0.00000E+00  0.00000E+00  0.77642E+05  0.73995E+05  0.70707E+05  0.66682E+05  0.65226E+05  0.60842E+05  0.56458E+05  0.62597E+05  0.76241E+05
      9.366  0.00000E+00  0.00000E+00  0.66514E+05  0.65318E+05  0.64240E+05  0.62921E+05  0.62444E+05  0.61007E+05  0.59570E+05  0.67350E+05  0.81692E+05
     10.807  0.00000E+00  0.00000E+00  0.46949E+05  0.50134E+05  0.53004E+05  0.56518E+05  0.57789E+05  0.61616E+05  0.65444E+05  0.70221E+05  0.75659E+05
     12.247  0.00000E+00  0.00000E+00  0.36931E+05  0.37767E+05  0.38520E+05  0.39442E+05  0.39776E+05  0.40780E+05  0.41784E+05  0.44752E+05  0.49112E+05
     13.688  0.00000E+00  0.00000E+00  0.20691E+05  0.25858E+05  0.30515E+05  0.36216E+05  0.38277E+05  0.44487E+05  0.50697E+05  0.53294E+05  0.53297E+05
     15.129  0.00000E+00  0.00000E+00  0.26421E+05  0.27031E+05  0.27581E+05  0.28254E+05  0.28497E+05  0.29230E+05  0.29963E+05  0.30605E+05  0.31179E+05
     15.875  0.00000E+00  0.00000E+00  0.27499E+05  0.28981E+05  0.30317E+05  0.31953E+05  0.32544E+05  0.34326E+05  0.36107E+05  0.36728E+05  0.36515E+05
     16.275  0.00000E+00  0.00000E+00  0.28810E+05  0.30620E+05  0.32252E+05  0.34249E+05  0.34972E+05  0.37147E+05  0.39323E+05  0.39751E+05  0.38926E+05
     17.027  0.00000E+00  0.00000E+00  0.26339E+05  0.28551E+05  0.30545E+05  0.32986E+05  0.33869E+05  0.36527E+05  0.39186E+05  0.39562E+05  0.38303E+05
     17.779  0.00000E+00  0.00000E+00  0.31281E+05  0.31794E+05  0.32256E+05  0.32822E+05  0.33027E+05  0.33644E+05  0.34260E+05  0.33604E+05  0.32039E+05
     18.530  0.00000E+00  0.00000E+00  0.51622E+05  0.48418E+05  0.45530E+05  0.41995E+05  0.40717E+05  0.36866E+05  0.33016E+05  0.29979E+05  0.27538E+05
     19.282  0.00000E+00  0.00000E+00  0.55269E+05  0.52074E+05  0.49193E+05  0.45667E+05  0.44392E+05  0.40552E+05  0.36711E+05  0.32984E+05  0.29353E+05
     20.033  0.00000E+00  0.00000E+00  0.27049E+05  0.26540E+05  0.26080E+05  0.25518E+05  0.25315E+05  0.24703E+05  0.24090E+05  0.22866E+05  0.21209E+05
     20.785  0.00000E+00  0.00000E+00  0.17040E+05  0.17020E+05  0.17001E+05  0.16978E+05  0.16970E+05  0.16945E+05  0.16920E+05  0.16550E+05  0.15934E+05
     21.536  0.00000E+00  0.00000E+00  0.13424E+05  0.13483E+05  0.13536E+05  0.13601E+05  0.13625E+05  0.13696E+05  0.13767E+05  0.13664E+05  0.13437E+05
     22.288  0.00000E+00  0.00000E+00  0.11136E+05  0.11305E+05  0.11458E+05  0.11644E+05  0.11712E+05  0.11915E+05  0.12119E+05  0.12119E+05  0.11974E+05
     23.040  0.00000E+00  0.00000E+00  0.96517E+04  0.98513E+04  0.10031E+05  0.10251E+05  0.10331E+05  0.10571E+05  0.10811E+05  0.10865E+05  0.10787E+05
     23.791  0.00000E+00  0.00000E+00  0.90513E+04  0.91934E+04  0.93216E+04  0.94785E+04  0.95352E+04  0.97061E+04  0.98770E+04  0.99321E+04  0.99042E+04
     24.543  0.00000E+00  0.00000E+00  0.86424E+04  0.87213E+04  0.87924E+04  0.88794E+04  0.89108E+04  0.90056E+04  0.91004E+04  0.91452E+04  0.91540E+04
     25.294  0.00000E+00  0.00000E+00  0.84428E+04  0.84518E+04  0.84600E+04  0.84700E+04  0.84736E+04  0.84845E+04  0.84953E+04  0.85178E+04  0.85483E+04
     26.046  0.00000E+00  0.00000E+00  0.82924E+04  0.82369E+04  0.81868E+04  0.81255E+04  0.81033E+04  0.80365E+04  0.79698E+04  0.79654E+04  0.80058E+04
     26.797  0.00000E+00  0.00000E+00  0.81955E+04  0.80810E+04  0.79777E+04  0.78513E+04  0.78056E+04  0.76679E+04  0.75303E+04  0.74944E+04  0.75315E+04
     27.549  0.00000E+00  0.00000E+00  0.81040E+04  0.79360E+04  0.77847E+04  0.75994E+04  0.75324E+04  0.73305E+04  0.71287E+04  0.70631E+04  0.70954E+04
     28.301  0.00000E+00  0.00000E+00  0.80183E+04  0.78029E+04  0.76089E+04  0.73713E+04  0.72854E+04  0.70266E+04  0.67678E+04  0.66746E+04  0.67003E+04
     29.052  0.00000E+00  0.00000E+00  0.79243E+04  0.76676E+04  0.74362E+04  0.71530E+04  0.70505E+04  0.67420E+04  0.64334E+04  0.63171E+04  0.63388E+04
     29.804  0.00000E+00  0.00000E+00  0.78216E+04  0.75298E+04  0.72669E+04  0.69450E+04  0.68286E+04  0.64780E+04  0.61274E+04  0.59927E+04  0.60132E+04
     30.555  0.00000E+00  0.00000E+00  0.76805E+04  0.73675E+04  0.70854E+04  0.67401E+04  0.66152E+04  0.62391E+04  0.58629E+04  0.57165E+04  0.57351E+04
     31.307  0.00000E+00  0.00000E+00  0.74989E+04  0.71793E+04  0.68911E+04  0.65385E+04  0.64109E+04  0.60267E+04  0.56425E+04  0.54912E+04  0.55072E+04
     32.058  0.00000E+00  0.00000E+00  0.72955E+04  0.69730E+04  0.66822E+04  0.63264E+04  0.61977E+04  0.58100E+04  0.54224E+04  0.52802E+04  0.53141E+04
     32.810  0.00000E+00  0.00000E+00  0.70691E+04  0.67477E+04  0.64580E+04  0.61034E+04  0.59751E+04  0.55888E+04  0.52026E+04  0.50840E+04  0.51576E+04
     33.562  0.00000E+00  0.00000E+00  0.68206E+04  0.64997E+04  0.62103E+04  0.58562E+04  0.57281E+04  0.53423E+04  0.49565E+04  0.48761E+04  0.50144E+04
     34.313  0.00000E+00  0.00000E+00  0.65492E+04  0.62279E+04  0.59383E+04  0.55838E+04  0.54556E+04  0.50694E+04  0.46832E+04  0.46558E+04  0.48851E+04
     35.065  0.00000E+00  0.00000E+00  0.62673E+04  0.59425E+04  0.56498E+04  0.52916E+04  0.51620E+04  0.47717E+04  0.43815E+04  0.44136E+04  0.47477E+04
     35.816  0.00000E+00  0.00000E+00  0.59745E+04  0.56432E+04  0.53445E+04  0.49790E+04  0.48468E+04  0.44485E+04  0.40503E+04  0.41487E+04  0.46020E+04
     36.568  0.00000E+00  0.00000E+00  0.56905E+04  0.53495E+04  0.50422E+04  0.46660E+04  0.45300E+04  0.41202E+04  0.37104E+04  0.38691E+04  0.44339E+04
     37.319  0.00000E+00  0.00000E+00  0.54153E+04  0.50617E+04  0.47429E+04  0.43528E+04  0.42117E+04  0.37867E+04  0.33617E+04  0.35745E+04  0.42427E+04
     38.071  0.00000E+00  0.00000E+00  0.52450E+04  0.48550E+04  0.45036E+04  0.40733E+04  0.39177E+04  0.34491E+04  0.29804E+04  0.32226E+04  0.39724E+04
     38.823  0.00000E+00  0.00000E+00  0.51816E+04  0.47312E+04  0.43252E+04  0.38284E+04  0.36486E+04  0.31074E+04  0.25661E+04  0.28125E+04  0.36216E+04
     39.574  0.00000E+00  0.00000E+00  0.53655E+04  0.48346E+04  0.43560E+04  0.37701E+04  0.35583E+04  0.29201E+04  0.22819E+04  0.24706E+04  0.32500E+04
     40.326  0.00000E+00  0.00000E+00  0.57998E+04  0.51678E+04  0.45981E+04  0.39008E+04  0.36486E+04  0.28891E+04  0.21295E+04  0.21976E+04  0.28575E+04
     41.077  0.00000E+00  0.00000E+00  0.60173E+04  0.53347E+04  0.47194E+04  0.39663E+04  0.36939E+04  0.28735E+04  0.20532E+04  0.20608E+04  0.26609E+04
     41.775  0.00000E+00  0.00000E+00  0.00000E+00  0.00000E+00  0.00000E+00  0.00000E+00  0.00000E+00  0.00000E+00  0.00000E+00  0.00000E+00  0.00000E+00
     42.418  0.00000E+00  0.00000E+00  0.00000E+00  0.00000E+00  0.00000E+00  0.00000E+00  0.00000E+00  0.00000E+00  0.00000E+00  0.00000E+00  0.00000E+00
     43.062  0.00000E+00  0.00000E+00  0.00000E+00  0.00000E+00  0.00000E+00  0.00000E+00  0.00000E+00  0.00000E+00  0.00000E+00  0.00000E+00  0.00000E+00
     43.706  0.00000E+00  0.00000E+00  0.00000E+00  0.00000E+00  0.00000E+00  0.00000E+00  0.00000E+00  0.00000E+00  0.00000E+00  0.00000E+00  0.00000E+00
     44.349  0.00000E+00  0.00000E+00  0.00000E+00  0.00000E+00  0.00000E+00  0.00000E+00  0.00000E+00  0.00000E+00  0.00000E+00  0.00000E+00  0.00000E+00
     44.993  0.00000E+00  0.00000E+00  0.00000E+00  0.00000E+00  0.00000E+00  0.00000E+00  0.00000E+00  0.00000E+00  0.00000E+00  0.00000E+00  0.00000E+00
     46.043  0.00000E+00  0.00000E+00  0.00000E+00  0.00000E+00  0.00000E+00  0.00000E+00  0.00000E+00  0.00000E+00  0.00000E+00  0.00000E+00  0.00000E+00
     47.499  0.00000E+00  0.00000E+00  0.00000E+00  0.00000E+00  0.00000E+00  0.00000E+00  0.00000E+00  0.00000E+00  0.00000E+00  0.00000E+00  0.00000E+00
     48.955  0.00000E+00  0.00000E+00  0.00000E+00  0.00000E+00  0.00000E+00  0.00000E+00  0.00000E+00  0.00000E+00  0.00000E+00  0.00000E+00  0.00000E+00
     50.412  0.00000E+00  0.00000E+00  0.00000E+00  0.00000E+00  0.00000E+00  0.00000E+00  0.00000E+00  0.00000E+00  0.00000E+00  0.00000E+00  0.00000E+00
     51.868  0.00000E+00  0.00000E+00  0.00000E+00  0.00000E+00  0.00000E+00  0.00000E+00  0.00000E+00  0.00000E+00  0.00000E+00  0.00000E+00  0.00000E+00
     53.324  0.00000E+00  0.00000E+00  0.00000E+00  0.00000E+00  0.00000E+00  0.00000E+00  0.00000E+00  0.00000E+00  0.00000E+00  0.00000E+00  0.00000E+00
     54.781  0.00000E+00  0.00000E+00  0.00000E+00  0.00000E+00  0.00000E+00  0.00000E+00  0.00000E+00  0.00000E+00  0.00000E+00  0.00000E+00  0.00000E+00
     56.237  0.00000E+00  0.00000E+00  0.00000E+00  0.00000E+00  0.00000E+00  0.00000E+00  0.00000E+00  0.00000E+00  0.00000E+00  0.00000E+00  0.00000E+00
     57.693  0.00000E+00  0.00000E+00  0.00000E+00  0.00000E+00  0.00000E+00  0.00000E+00  0.00000E+00  0.00000E+00  0.00000E+00  0.00000E+00  0.00000E+00
     59.150  0.00000E+00  0.00000E+00  0.00000E+00  0.00000E+00  0.00000E+00  0.00000E+00  0.00000E+00  0.00000E+00  0.00000E+00  0.00000E+00  0.00000E+00
     60.606  0.00000E+00  0.00000E+00  0.00000E+00  0.00000E+00  0.00000E+00  0.00000E+00  0.00000E+00  0.00000E+00  0.00000E+00  0.00000E+00  0.00000E+00
     62.062  0.00000E+00  0.00000E+00  0.00000E+00  0.00000E+00  0.00000E+00  0.00000E+00  0.00000E+00  0.00000E+00  0.00000E+00  0.00000E+00  0.00000E+00
     63.519  0.00000E+00  0.00000E+00  0.00000E+00  0.00000E+00  0.00000E+00  0.00000E+00  0.00000E+00  0.00000E+00  0.00000E+00  0.00000E+00  0.00000E+00
     64.975  0.00000E+00  0.00000E+00  0.00000E+00  0.00000E+00  0.00000E+00  0.00000E+00  0.00000E+00  0.00000E+00  0.00000E+00  0.00000E+00  0.00000E+00
     66.431  0.00000E+00  0.00000E+00  0.00000E+00  0.00000E+00  0.00000E+00  0.00000E+00  0.00000E+00  0.00000E+00  0.00000E+00  0.00000E+00  0.00000E+00
     67.237  0.00000E+00  0.00000E+00  0.00000E+00  0.00000E+00  0.00000E+00  0.00000E+00  0.00000E+00  0.00000E+00  0.00000E+00  0.00000E+00  0.00000E+00
     67.392  0.00000E+00  0.00000E+00  0.00000E+00  0.00000E+00  0.00000E+00  0.00000E+00  0.00000E+00  0.00000E+00  0.00000E+00  0.00000E+00  0.00000E+00
     67.970  0.00000E+00  0.00000E+00  0.00000E+00  0.00000E+00  0.00000E+00  0.00000E+00  0.00000E+00  0.00000E+00  0.00000E+00  0.00000E+00  0.00000E+00
     68.970  0.00000E+00  0.00000E+00  0.00000E+00  0.00000E+00  0.00000E+00  0.00000E+00  0.00000E+00  0.00000E+00  0.00000E+00  0.00000E+00  0.00000E+00
     69.970  0.00000E+00  0.00000E+00  0.00000E+00  0.00000E+00  0.00000E+00  0.00000E+00  0.00000E+00  0.00000E+00  0.00000E+00  0.00000E+00  0.00000E+00
     70.470  0.00000E+00  0.00000E+00  0.00000E+00  0.00000E+00  0.00000E+00  0.00000E+00  0.00000E+00  0.00000E+00  0.00000E+00  0.00000E+00  0.00000E+00

    x  /  y   2.6176       2.9206       3.1493       3.6577       4.1148       4.2922       4.3938       4.6736       4.9018       4.9526       5.2324    
     -0.310  0.00000E+00  0.00000E+00  0.00000E+00  0.00000E+00  0.00000E+00  0.00000E+00  0.00000E+00  0.00000E+00  0.00000E+00  0.00000E+00  0.00000E+00
     -0.155  0.00000E+00  0.00000E+00  0.00000E+00  0.00000E+00  0.00000E+00  0.00000E+00  0.00000E+00  0.00000E+00  0.00000E+00  0.00000E+00  0.00000E+00
      0.720  0.61829E+05  0.68352E+05  0.69616E+05  0.62190E+05  0.55514E+05  0.53196E+05  0.52828E+05  0.51812E+05  0.50984E+05  0.50800E+05  0.49784E+05
      2.161  0.62624E+05  0.70163E+05  0.71490E+05  0.62235E+05  0.53913E+05  0.51014E+05  0.50510E+05  0.49124E+05  0.47994E+05  0.47742E+05  0.46356E+05
      3.602  0.11240E+06  0.12295E+06  0.12367E+06  0.10499E+06  0.88199E+05  0.82105E+05  0.80098E+05  0.74570E+05  0.70062E+05  0.69058E+05  0.63530E+05
      5.043  0.91985E+05  0.10390E+06  0.10643E+06  0.93935E+05  0.82701E+05  0.78672E+05  0.77522E+05  0.74356E+05  0.71774E+05  0.71199E+05  0.68033E+05
      6.484  0.95940E+05  0.10807E+06  0.11047E+06  0.96926E+05  0.84750E+05  0.80459E+05  0.79526E+05  0.76957E+05  0.74861E+05  0.74395E+05  0.71825E+05
      7.925  0.89729E+05  0.10322E+06  0.10589E+06  0.90842E+05  0.77311E+05  0.72626E+05  0.71929E+05  0.70008E+05  0.68442E+05  0.68093E+05  0.66173E+05
      9.366  0.95871E+05  0.11005E+06  0.11272E+06  0.96169E+05  0.81290E+05  0.76091E+05  0.75133E+05  0.72493E+05  0.70340E+05  0.69860E+05  0.67220E+05
     10.807  0.81034E+05  0.86410E+05  0.88096E+05  0.85206E+05  0.82608E+05  0.81408E+05  0.80047E+05  0.76299E+05  0.73242E+05  0.72562E+05  0.68814E+05
     12.247  0.53422E+05  0.57732E+05  0.60622E+05  0.66029E+05  0.70891E+05  0.72404E+05  0.71962E+05  0.70745E+05  0.69753E+05  0.69532E+05  0.68315E+05
     13.688  0.53299E+05  0.53301E+05  0.54146E+05  0.58382E+05  0.62190E+05  0.63596E+05  0.64145E+05  0.65658E+05  0.66892E+05  0.67167E+05  0.68680E+05
     15.129  0.31746E+05  0.32314E+05  0.32903E+05  0.34665E+05  0.36249E+05  0.36757E+05  0.36676E+05  0.36454E+05  0.36272E+05  0.36232E+05  0.36009E+05
     15.875  0.36305E+05  0.36095E+05  0.36002E+05  0.35976E+05  0.35952E+05  0.35926E+05  0.35848E+05  0.35636E+05  0.35463E+05  0.35424E+05  0.35211E+05
     16.275  0.38111E+05  0.37296E+05  0.36785E+05  0.35940E+05  0.35180E+05  0.34908E+05  0.34834E+05  0.34629E+05  0.34462E+05  0.34425E+05  0.34220E+05
     17.027  0.37058E+05  0.35813E+05  0.34882E+05  0.32837E+05  0.30998E+05  0.30352E+05  0.30217E+05  0.29847E+05  0.29545E+05  0.29478E+05  0.29107E+05
     17.779  0.30491E+05  0.28944E+05  0.27969E+05  0.26339E+05  0.24873E+05  0.24371E+05  0.24317E+05  0.24168E+05  0.24046E+05  0.24019E+05  0.23870E+05
     18.530  0.25125E+05  0.22711E+05  0.21516E+05  0.20614E+05  0.19802E+05  0.19558E+05  0.19668E+05  0.19969E+05  0.20215E+05  0.20270E+05  0.20571E+05
     19.282  0.25764E+05  0.22175E+05  0.20423E+05  0.19203E+05  0.18106E+05  0.17784E+05  0.17962E+05  0.18452E+05  0.18852E+05  0.18941E+05  0.19432E+05
     20.033  0.19571E+05  0.17933E+05  0.17149E+05  0.16671E+05  0.16242E+05  0.16167E+05  0.16448E+05  0.17222E+05  0.17854E+05  0.17994E+05  0.18768E+05
     20.785  0.15325E+05  0.14717E+05  0.14520E+05  0.14819E+05  0.15087E+05  0.15257E+05  0.15586E+05  0.16491E+05  0.17230E+05  0.17394E+05  0.18300E+05
     21.536  0.13212E+05  0.12988E+05  0.13036E+05  0.13754E+05  0.14399E+05  0.14686E+05  0.14978E+05  0.15781E+05  0.16437E+05  0.16583E+05  0.17387E+05
     22.288  0.11830E+05  0.11687E+05  0.11834E+05  0.12876E+05  0.13814E+05  0.14172E+05  0.14358E+05  0.14871E+05  0.15289E+05  0.15382E+05  0.15895E+05
     23.040  0.10709E+05  0.10632E+05  0.10840E+05  0.12050E+05  0.13137E+05  0.13519E+05  0.13599E+05  0.13819E+05  0.13999E+05  0.14039E+05  0.14259E+05
     23.791  0.98767E+04  0.98491E+04  0.10077E+05  0.11278E+05  0.12359E+05  0.12712E+05  0.12686E+05  0.12612E+05  0.12551E+05  0.12538E+05  0.12464E+05
     24.543  0.91627E+04  0.91715E+04  0.94008E+04  0.10534E+05  0.11553E+05  0.11872E+05  0.11790E+05  0.11562E+05  0.11377E+05  0.11335E+05  0.11108E+05
     25.294  0.85786E+04  0.86088E+04  0.88204E+04  0.98187E+04  0.10716E+05  0.10995E+05  0.10913E+05  0.10686E+05  0.10500E+05  0.10459E+05  0.10231E+05
     26.046  0.80457E+04  0.80855E+04  0.82805E+04  0.91754E+04  0.99800E+04  0.10232E+05  0.10166E+05  0.99825E+04  0.98332E+04  0.97999E+04  0.96168E+04
     26.797  0.75682E+04  0.76049E+04  0.77847E+04  0.86101E+04  0.93522E+04  0.95917E+04  0.95587E+04  0.94676E+04  0.93934E+04  0.93769E+04  0.92859E+04
     27.549  0.71273E+04  0.71592E+04  0.73286E+04  0.81117E+04  0.88159E+04  0.90502E+04  0.90478E+04  0.90412E+04  0.90358E+04  0.90346E+04  0.90280E+04
     28.301  0.67257E+04  0.67510E+04  0.69151E+04  0.76853E+04  0.83778E+04  0.86150E+04  0.86403E+04  0.87098E+04  0.87665E+04  0.87791E+04  0.88486E+04
     29.052  0.63602E+04  0.63817E+04  0.65434E+04  0.73101E+04  0.79994E+04  0.82407E+04  0.82870E+04  0.84144E+04  0.85183E+04  0.85415E+04  0.86689E+04
     29.804  0.60335E+04  0.60537E+04  0.62162E+04  0.69894E+04  0.76846E+04  0.79313E+04  0.79915E+04  0.81575E+04  0.82928E+04  0.83229E+04  0.84889E+04
     30.555  0.57534E+04  0.57718E+04  0.59333E+04  0.67055E+04  0.73998E+04  0.76482E+04  0.77168E+04  0.79056E+04  0.80596E+04  0.80939E+04  0.82827E+04
     31.307  0.55229E+04  0.55387E+04  0.56973E+04  0.64606E+04  0.71469E+04  0.73932E+04  0.74641E+04  0.76592E+04  0.78183E+04  0.78537E+04  0.80488E+04
     32.058  0.53476E+04  0.53811E+04  0.55418E+04  0.62780E+04  0.69398E+04  0.71765E+04  0.72415E+04  0.74203E+04  0.75662E+04  0.75987E+04  0.77776E+04
     32.810  0.52303E+04  0.53030E+04  0.54709E+04  0.61607E+04  0.67808E+04  0.70001E+04  0.70506E+04  0.71896E+04  0.73029E+04  0.73282E+04  0.74672E+04
     33.562  0.51511E+04  0.52879E+04  0.54715E+04  0.61050E+04  0.66746E+04  0.68708E+04  0.68959E+04  0.69651E+04  0.70216E+04  0.70341E+04  0.71033E+04
     34.313  0.51118E+04  0.53384E+04  0.55467E+04  0.61136E+04  0.66234E+04  0.67906E+04  0.67791E+04  0.67472E+04  0.67213E+04  0.67155E+04  0.66837E+04
     35.065  0.50781E+04  0.54084E+04  0.56513E+04  0.61736E+04  0.66432E+04  0.67858E+04  0.67283E+04  0.65701E+04  0.64411E+04  0.64124E+04  0.62542E+04
     35.816  0.50502E+04  0.54984E+04  0.57865E+04  0.62868E+04  0.67366E+04  0.68590E+04  0.67461E+04  0.64352E+04  0.61817E+04  0.61253E+04  0.58144E+04
     36.568  0.49922E+04  0.55506E+04  0.58910E+04  0.64212E+04  0.68979E+04  0.70148E+04  0.68433E+04  0.63710E+04  0.59858E+04  0.59000E+04  0.54277E+04
     37.319  0.49033E+04  0.55640E+04  0.59640E+04  0.65774E+04  0.71290E+04  0.72557E+04  0.70222E+04  0.63793E+04  0.58550E+04  0.57382E+04  0.50953E+04
     38.071  0.47137E+04  0.54550E+04  0.59274E+04  0.67341E+04  0.74594E+04  0.76291E+04  0.73346E+04  0.65236E+04  0.58621E+04  0.57149E+04  0.49039E+04
     38.823  0.44214E+04  0.52212E+04  0.57791E+04  0.68911E+04  0.78910E+04  0.81375E+04  0.77830E+04  0.68064E+04  0.60100E+04  0.58327E+04  0.48562E+04
     39.574  0.40205E+04  0.47911E+04  0.54305E+04  0.70140E+04  0.84378E+04  0.88166E+04  0.84249E+04  0.73463E+04  0.64665E+04  0.62707E+04  0.51920E+04
     40.326  0.35099E+04  0.41623E+04  0.48794E+04  0.71024E+04  0.91010E+04  0.96683E+04  0.92628E+04  0.81461E+04  0.72353E+04  0.70325E+04  0.59158E+04
     41.077  0.32541E+04  0.38473E+04  0.46033E+04  0.71466E+04  0.94333E+04  0.10095E+05  0.96825E+04  0.85467E+04  0.76204E+04  0.74142E+04  0.62784E+04
     41.775  0.00000E+00  0.00000E+00  0.00000E+00  0.00000E+00  0.00000E+00  0.00000E+00  0.00000E+00  0.00000E+00  0.00000E+00  0.00000E+00  0.00000E+00
     42.418  0.00000E+00  0.00000E+00  0.00000E+00  0.00000E+00  0.00000E+00  0.00000E+00  0.00000E+00  0.00000E+00  0.00000E+00  0.00000E+00  0.00000E+00
     43.062  0.00000E+00  0.00000E+00  0.00000E+00  0.00000E+00  0.00000E+00  0.00000E+00  0.00000E+00  0.00000E+00  0.00000E+00  0.00000E+00  0.00000E+00
     43.706  0.00000E+00  0.00000E+00  0.00000E+00  0.00000E+00  0.00000E+00  0.00000E+00  0.00000E+00  0.00000E+00  0.00000E+00  0.00000E+00  0.00000E+00
     44.349  0.00000E+00  0.00000E+00  0.00000E+00  0.00000E+00  0.00000E+00  0.00000E+00  0.00000E+00  0.00000E+00  0.00000E+00  0.00000E+00  0.00000E+00
     44.993  0.00000E+00  0.00000E+00  0.00000E+00  0.00000E+00  0.00000E+00  0.00000E+00  0.00000E+00  0.00000E+00  0.00000E+00  0.00000E+00  0.00000E+00
     46.043  0.00000E+00  0.00000E+00  0.00000E+00  0.00000E+00  0.00000E+00  0.00000E+00  0.00000E+00  0.00000E+00  0.00000E+00  0.00000E+00  0.00000E+00
     47.499  0.00000E+00  0.00000E+00  0.00000E+00  0.00000E+00  0.00000E+00  0.00000E+00  0.00000E+00  0.00000E+00  0.00000E+00  0.00000E+00  0.00000E+00
     48.955  0.00000E+00  0.00000E+00  0.00000E+00  0.00000E+00  0.00000E+00  0.00000E+00  0.00000E+00  0.00000E+00  0.00000E+00  0.00000E+00  0.00000E+00
     50.412  0.00000E+00  0.00000E+00  0.00000E+00  0.00000E+00  0.00000E+00  0.00000E+00  0.00000E+00  0.00000E+00  0.00000E+00  0.00000E+00  0.00000E+00
     51.868  0.00000E+00  0.00000E+00  0.00000E+00  0.00000E+00  0.00000E+00  0.00000E+00  0.00000E+00  0.00000E+00  0.00000E+00  0.00000E+00  0.00000E+00
     53.324  0.00000E+00  0.00000E+00  0.00000E+00  0.00000E+00  0.00000E+00  0.00000E+00  0.00000E+00  0.00000E+00  0.00000E+00  0.00000E+00  0.00000E+00
     54.781  0.00000E+00  0.00000E+00  0.00000E+00  0.00000E+00  0.00000E+00  0.00000E+00  0.00000E+00  0.00000E+00  0.00000E+00  0.00000E+00  0.00000E+00
     56.237  0.00000E+00  0.00000E+00  0.00000E+00  0.00000E+00  0.00000E+00  0.00000E+00  0.00000E+00  0.00000E+00  0.00000E+00  0.00000E+00  0.00000E+00
     57.693  0.00000E+00  0.00000E+00  0.00000E+00  0.00000E+00  0.00000E+00  0.00000E+00  0.00000E+00  0.00000E+00  0.00000E+00  0.00000E+00  0.00000E+00
     59.150  0.00000E+00  0.00000E+00  0.00000E+00  0.00000E+00  0.00000E+00  0.00000E+00  0.00000E+00  0.00000E+00  0.00000E+00  0.00000E+00  0.00000E+00
     60.606  0.00000E+00  0.00000E+00  0.00000E+00  0.00000E+00  0.00000E+00  0.00000E+00  0.00000E+00  0.00000E+00  0.00000E+00  0.00000E+00  0.00000E+00
     62.062  0.00000E+00  0.00000E+00  0.00000E+00  0.00000E+00  0.00000E+00  0.00000E+00  0.00000E+00  0.00000E+00  0.00000E+00  0.00000E+00  0.00000E+00
     63.519  0.00000E+00  0.00000E+00  0.00000E+00  0.00000E+00  0.00000E+00  0.00000E+00  0.00000E+00  0.00000E+00  0.00000E+00  0.00000E+00  0.00000E+00
     64.975  0.00000E+00  0.00000E+00  0.00000E+00  0.00000E+00  0.00000E+00  0.00000E+00  0.00000E+00  0.00000E+00  0.00000E+00  0.00000E+00  0.00000E+00
     66.431  0.00000E+00  0.00000E+00  0.00000E+00  0.00000E+00  0.00000E+00  0.00000E+00  0.00000E+00  0.00000E+00  0.00000E+00  0.00000E+00  0.00000E+00
     67.237  0.00000E+00  0.00000E+00  0.00000E+00  0.00000E+00  0.00000E+00  0.00000E+00  0.00000E+00  0.00000E+00  0.00000E+00  0.00000E+00  0.00000E+00
     67.392  0.00000E+00  0.00000E+00  0.00000E+00  0.00000E+00  0.00000E+00  0.00000E+00  0.00000E+00  0.00000E+00  0.00000E+00  0.00000E+00  0.00000E+00
     67.970  0.00000E+00  0.00000E+00  0.00000E+00  0.00000E+00  0.00000E+00  0.00000E+00  0.00000E+00  0.00000E+00  0.00000E+00  0.00000E+00  0.00000E+00
     68.970  0.00000E+00  0.00000E+00  0.00000E+00  0.00000E+00  0.00000E+00  0.00000E+00  0.00000E+00  0.00000E+00  0.00000E+00  0.00000E+00  0.00000E+00
     69.970  0.00000E+00  0.00000E+00  0.00000E+00  0.00000E+00  0.00000E+00  0.00000E+00  0.00000E+00  0.00000E+00  0.00000E+00  0.00000E+00  0.00000E+00
     70.470  0.00000E+00  0.00000E+00  0.00000E+00  0.00000E+00  0.00000E+00  0.00000E+00  0.00000E+00  0.00000E+00  0.00000E+00  0.00000E+00  0.00000E+00

    x  /  y   5.5114       5.7654       6.0452       6.1210       6.3242       6.6040       6.7306       6.8830       7.3153       7.8487       8.1022    
     -0.310  0.00000E+00  0.00000E+00  0.00000E+00  0.00000E+00  0.00000E+00  0.00000E+00  0.00000E+00  0.00000E+00  0.00000E+00  0.00000E+00  0.00000E+00
     -0.155  0.00000E+00  0.00000E+00  0.00000E+00  0.00000E+00  0.00000E+00  0.00000E+00  0.00000E+00  0.00000E+00  0.00000E+00  0.00000E+00  0.00000E+00
      0.720  0.49091E+05  0.51424E+05  0.53994E+05  0.54690E+05  0.56556E+05  0.59126E+05  0.60147E+05  0.60680E+05  0.62192E+05  0.64057E+05  0.64066E+05
      2.161  0.45355E+05  0.47979E+05  0.50870E+05  0.51653E+05  0.53753E+05  0.56644E+05  0.57798E+05  0.58430E+05  0.60222E+05  0.62433E+05  0.63036E+05
      3.602  0.58637E+05  0.59933E+05  0.61359E+05  0.61746E+05  0.62782E+05  0.64209E+05  0.64782E+05  0.65117E+05  0.66066E+05  0.67238E+05  0.67877E+05
      5.043  0.65354E+05  0.67354E+05  0.69557E+05  0.70154E+05  0.71754E+05  0.73957E+05  0.74801E+05  0.75063E+05  0.75807E+05  0.76725E+05  0.77437E+05
      6.484  0.69745E+05  0.72320E+05  0.75156E+05  0.75925E+05  0.77985E+05  0.80821E+05  0.81902E+05  0.82204E+05  0.83061E+05  0.84118E+05  0.84750E+05
      7.925  0.64765E+05  0.68193E+05  0.71968E+05  0.72991E+05  0.75733E+05  0.79509E+05  0.80968E+05  0.81496E+05  0.82996E+05  0.84847E+05  0.85652E+05
      9.366  0.65180E+05  0.68819E+05  0.72828E+05  0.73914E+05  0.76825E+05  0.80834E+05  0.82385E+05  0.82956E+05  0.84575E+05  0.86573E+05  0.87427E+05
     10.807  0.65807E+05  0.69851E+05  0.74307E+05  0.75513E+05  0.78749E+05  0.83204E+05  0.84920E+05  0.85509E+05  0.87181E+05  0.89245E+05  0.90121E+05
     12.247  0.67600E+05  0.71577E+05  0.75959E+05  0.77146E+05  0.80329E+05  0.84711E+05  0.86421E+05  0.87140E+05  0.89181E+05  0.91698E+05  0.92361E+05
     13.688  0.70295E+05  0.72748E+05  0.75450E+05  0.76182E+05  0.78144E+05  0.80846E+05  0.82013E+05  0.83142E+05  0.86345E+05  0.90298E+05  0.91330E+05
     15.129  0.35953E+05  0.37443E+05  0.39084E+05  0.39529E+05  0.40721E+05  0.42362E+05  0.43631E+05  0.47751E+05  0.59438E+05  0.73859E+05  0.76794E+05
     15.875  0.34953E+05  0.34288E+05  0.33556E+05  0.33357E+05  0.32825E+05  0.32093E+05  0.32450E+05  0.36271E+05  0.47108E+05  0.60480E+05  0.64504E+05
     16.275  0.33916E+05  0.32711E+05  0.31384E+05  0.31024E+05  0.30060E+05  0.28733E+05  0.28830E+05  0.32375E+05  0.42433E+05  0.54842E+05  0.59049E+05
     17.027  0.28700E+05  0.27979E+05  0.27185E+05  0.26969E+05  0.26392E+05  0.25598E+05  0.25758E+05  0.28508E+05  0.36309E+05  0.45935E+05  0.50557E+05
     17.779  0.23684E+05  0.23168E+05  0.22599E+05  0.22444E+05  0.22031E+05  0.21462E+05  0.21651E+05  0.24078E+05  0.30961E+05  0.39453E+05  0.44215E+05
     18.530  0.20807E+05  0.20420E+05  0.19994E+05  0.19879E+05  0.19569E+05  0.19143E+05  0.19335E+05  0.21461E+05  0.27489E+05  0.34927E+05  0.39745E+05
     19.282  0.19828E+05  0.19326E+05  0.18772E+05  0.18623E+05  0.18221E+05  0.17668E+05  0.17797E+05  0.19817E+05  0.25549E+05  0.32621E+05  0.37284E+05
     20.033  0.19403E+05  0.18704E+05  0.17935E+05  0.17727E+05  0.17168E+05  0.16399E+05  0.16450E+05  0.18476E+05  0.24222E+05  0.31312E+05  0.35756E+05
     20.785  0.19016E+05  0.17937E+05  0.16749E+05  0.16427E+05  0.15564E+05  0.14375E+05  0.14328E+05  0.16686E+05  0.23375E+05  0.31628E+05  0.34911E+05
     21.536  0.17994E+05  0.16735E+05  0.15349E+05  0.14974E+05  0.13967E+05  0.12581E+05  0.12506E+05  0.15138E+05  0.22604E+05  0.31816E+05  0.34096E+05
     22.288  0.16241E+05  0.15020E+05  0.13675E+05  0.13310E+05  0.12333E+05  0.10988E+05  0.10959E+05  0.13777E+05  0.21769E+05  0.31630E+05  0.33333E+05
     23.040  0.14368E+05  0.13440E+05  0.12418E+05  0.12141E+05  0.11399E+05  0.10377E+05  0.10464E+05  0.13275E+05  0.21247E+05  0.31084E+05  0.32409E+05
     23.791  0.12362E+05  0.12009E+05  0.11621E+05  0.11516E+05  0.11234E+05  0.10845E+05  0.11127E+05  0.13719E+05  0.21071E+05  0.30142E+05  0.31308E+05
     24.543  0.10918E+05  0.11084E+05  0.11268E+05  0.11318E+05  0.11452E+05  0.11635E+05  0.12079E+05  0.14389E+05  0.20942E+05  0.29026E+05  0.30043E+05
     25.294  0.10086E+05  0.10712E+05  0.11401E+05  0.11587E+05  0.12088E+05  0.12777E+05  0.13347E+05  0.15307E+05  0.20864E+05  0.27722E+05  0.28599E+05
     26.046  0.95424E+04  0.10480E+05  0.11512E+05  0.11792E+05  0.12542E+05  0.13574E+05  0.14224E+05  0.15903E+05  0.20669E+05  0.26548E+05  0.27302E+05
     26.797  0.93101E+04  0.10400E+05  0.11601E+05  0.11926E+05  0.12798E+05  0.13998E+05  0.14676E+05  0.16153E+05  0.20344E+05  0.25515E+05  0.26163E+05
     27.549  0.91380E+04  0.10321E+05  0.11625E+05  0.11978E+05  0.12924E+05  0.14228E+05  0.14917E+05  0.16238E+05  0.19985E+05  0.24608E+05  0.25158E+05
     28.301  0.90306E+04  0.10243E+05  0.11579E+05  0.11941E+05  0.12912E+05  0.14248E+05  0.14931E+05  0.16145E+05  0.19588E+05  0.23835E+05  0.24294E+05
     29.052  0.89049E+04  0.10131E+05  0.11483E+05  0.11849E+05  0.12830E+05  0.14181E+05  0.14858E+05  0.15995E+05  0.19220E+05  0.23200E+05  0.23568E+05
     29.804  0.87595E+04  0.99830E+04  0.11331E+05  0.11696E+05  0.12674E+05  0.14022E+05  0.14691E+05  0.15784E+05  0.18884E+05  0.22710E+05  0.22989E+05
     30.555  0.85738E+04  0.97942E+04  0.11138E+05  0.11503E+05  0.12479E+05  0.13823E+05  0.14487E+05  0.15560E+05  0.18604E+05  0.22360E+05  0.22549E+05
     31.307  0.83453E+04  0.95627E+04  0.10904E+05  0.11267E+05  0.12241E+05  0.13582E+05  0.14246E+05  0.15324E+05  0.18384E+05  0.22160E+05  0.22257E+05
     32.058  0.80600E+04  0.92840E+04  0.10632E+05  0.10997E+05  0.11977E+05  0.13325E+05  0.13995E+05  0.15100E+05  0.18234E+05  0.22101E+05  0.22103E+05
     32.810  0.77150E+04  0.89556E+04  0.10322E+05  0.10692E+05  0.11685E+05  0.13052E+05  0.13737E+05  0.14889E+05  0.18157E+05  0.22190E+05  0.22095E+05
     33.562  0.72907E+04  0.85607E+04  0.99597E+04  0.10339E+05  0.11355E+05  0.12754E+05  0.13463E+05  0.14693E+05  0.18183E+05  0.22489E+05  0.22293E+05
     34.313  0.67835E+04  0.80962E+04  0.95423E+04  0.99340E+04  0.10984E+05  0.12430E+05  0.13175E+05  0.14515E+05  0.18316E+05  0.23007E+05  0.22707E+05
     35.065  0.62433E+04  0.75978E+04  0.90898E+04  0.94940E+04  0.10578E+05  0.12070E+05  0.12854E+05  0.14333E+05  0.18529E+05  0.23706E+05  0.23293E+05
     35.816  0.56689E+04  0.70641E+04  0.86011E+04  0.90174E+04  0.10134E+05  0.11671E+05  0.12498E+05  0.14147E+05  0.18824E+05  0.24594E+05  0.24059E+05
     36.568  0.51373E+04  0.65513E+04  0.81088E+04  0.85308E+04  0.96619E+04  0.11219E+05  0.12089E+05  0.13944E+05  0.19209E+05  0.25704E+05  0.25015E+05
     37.319  0.46497E+04  0.60597E+04  0.76130E+04  0.80338E+04  0.91618E+04  0.10715E+05  0.11623E+05  0.13724E+05  0.19686E+05  0.27042E+05  0.26168E+05
     38.071  0.43001E+04  0.56541E+04  0.71455E+04  0.75496E+04  0.86327E+04  0.10124E+05  0.11058E+05  0.13460E+05  0.20272E+05  0.28678E+05  0.27592E+05
     38.823  0.40913E+04  0.53359E+04  0.67070E+04  0.70784E+04  0.80741E+04  0.94451E+04  0.10394E+05  0.13150E+05  0.20970E+05  0.30618E+05  0.29291E+05
     39.574  0.42968E+04  0.51573E+04  0.61053E+04  0.63622E+04  0.70506E+04  0.79986E+04  0.88791E+04  0.12162E+05  0.21473E+05  0.32962E+05  0.31437E+05
     40.326  0.49211E+04  0.51199E+04  0.53388E+04  0.53981E+04  0.55571E+04  0.57760E+04  0.65055E+04  0.10487E+05  0.21780E+05  0.35714E+05  0.34036E+05
     41.077  0.52339E+04  0.51011E+04  0.49548E+04  0.49151E+04  0.48089E+04  0.46626E+04  0.53164E+04  0.96475E+04  0.21933E+05  0.37092E+05  0.35338E+05
     41.775  0.00000E+00  0.00000E+00  0.00000E+00  0.00000E+00  0.00000E+00  0.00000E+00  0.00000E+00  0.00000E+00  0.00000E+00  0.00000E+00  0.00000E+00
     42.418  0.00000E+00  0.00000E+00  0.00000E+00  0.00000E+00  0.00000E+00  0.00000E+00  0.00000E+00  0.00000E+00  0.00000E+00  0.00000E+00  0.00000E+00
     43.062  0.00000E+00  0.00000E+00  0.00000E+00  0.00000E+00  0.00000E+00  0.00000E+00  0.00000E+00  0.00000E+00  0.00000E+00  0.00000E+00  0.00000E+00
     43.706  0.00000E+00  0.00000E+00  0.00000E+00  0.00000E+00  0.00000E+00  0.00000E+00  0.00000E+00  0.00000E+00  0.00000E+00  0.00000E+00  0.00000E+00
     44.349  0.00000E+00  0.00000E+00  0.00000E+00  0.00000E+00  0.00000E+00  0.00000E+00  0.00000E+00  0.00000E+00  0.00000E+00  0.00000E+00  0.00000E+00
     44.993  0.00000E+00  0.00000E+00  0.00000E+00  0.00000E+00  0.00000E+00  0.00000E+00  0.00000E+00  0.00000E+00  0.00000E+00  0.00000E+00  0.00000E+00
     46.043  0.00000E+00  0.00000E+00  0.00000E+00  0.00000E+00  0.00000E+00  0.00000E+00  0.00000E+00  0.00000E+00  0.00000E+00  0.00000E+00  0.00000E+00
     47.499  0.00000E+00  0.00000E+00  0.00000E+00  0.00000E+00  0.00000E+00  0.00000E+00  0.00000E+00  0.00000E+00  0.00000E+00  0.00000E+00  0.00000E+00
     48.955  0.00000E+00  0.00000E+00  0.00000E+00  0.00000E+00  0.00000E+00  0.00000E+00  0.00000E+00  0.00000E+00  0.00000E+00  0.00000E+00  0.00000E+00
     50.412  0.00000E+00  0.00000E+00  0.00000E+00  0.00000E+00  0.00000E+00  0.00000E+00  0.00000E+00  0.00000E+00  0.00000E+00  0.00000E+00  0.00000E+00
     51.868  0.00000E+00  0.00000E+00  0.00000E+00  0.00000E+00  0.00000E+00  0.00000E+00  0.00000E+00  0.00000E+00  0.00000E+00  0.00000E+00  0.00000E+00
     53.324  0.00000E+00  0.00000E+00  0.00000E+00  0.00000E+00  0.00000E+00  0.00000E+00  0.00000E+00  0.00000E+00  0.00000E+00  0.00000E+00  0.00000E+00
     54.781  0.00000E+00  0.00000E+00  0.00000E+00  0.00000E+00  0.00000E+00  0.00000E+00  0.00000E+00  0.00000E+00  0.00000E+00  0.00000E+00  0.00000E+00
     56.237  0.00000E+00  0.00000E+00  0.00000E+00  0.00000E+00  0.00000E+00  0.00000E+00  0.00000E+00  0.00000E+00  0.00000E+00  0.00000E+00  0.00000E+00
     57.693  0.00000E+00  0.00000E+00  0.00000E+00  0.00000E+00  0.00000E+00  0.00000E+00  0.00000E+00  0.00000E+00  0.00000E+00  0.00000E+00  0.00000E+00
     59.150  0.00000E+00  0.00000E+00  0.00000E+00  0.00000E+00  0.00000E+00  0.00000E+00  0.00000E+00  0.00000E+00  0.00000E+00  0.00000E+00  0.00000E+00
     60.606  0.00000E+00  0.00000E+00  0.00000E+00  0.00000E+00  0.00000E+00  0.00000E+00  0.00000E+00  0.00000E+00  0.00000E+00  0.00000E+00  0.00000E+00
     62.062  0.00000E+00  0.00000E+00  0.00000E+00  0.00000E+00  0.00000E+00  0.00000E+00  0.00000E+00  0.00000E+00  0.00000E+00  0.00000E+00  0.00000E+00
     63.519  0.00000E+00  0.00000E+00  0.00000E+00  0.00000E+00  0.00000E+00  0.00000E+00  0.00000E+00  0.00000E+00  0.00000E+00  0.00000E+00  0.00000E+00
     64.975  0.00000E+00  0.00000E+00  0.00000E+00  0.00000E+00  0.00000E+00  0.00000E+00  0.00000E+00  0.00000E+00  0.00000E+00  0.00000E+00  0.00000E+00
     66.431  0.00000E+00  0.00000E+00  0.00000E+00  0.00000E+00  0.00000E+00  0.00000E+00  0.00000E+00  0.00000E+00  0.00000E+00  0.00000E+00  0.00000E+00
     67.237  0.00000E+00  0.00000E+00  0.00000E+00  0.00000E+00  0.00000E+00  0.00000E+00  0.00000E+00  0.00000E+00  0.00000E+00  0.00000E+00  0.00000E+00
     67.392  0.00000E+00  0.00000E+00  0.00000E+00  0.00000E+00  0.00000E+00  0.00000E+00  0.00000E+00  0.00000E+00  0.00000E+00  0.00000E+00  0.00000E+00
     67.970  0.00000E+00  0.00000E+00  0.00000E+00  0.00000E+00  0.00000E+00  0.00000E+00  0.00000E+00  0.00000E+00  0.00000E+00  0.00000E+00  0.00000E+00
     68.970  0.00000E+00  0.00000E+00  0.00000E+00  0.00000E+00  0.00000E+00  0.00000E+00  0.00000E+00  0.00000E+00  0.00000E+00  0.00000E+00  0.00000E+00
     69.970  0.00000E+00  0.00000E+00  0.00000E+00  0.00000E+00  0.00000E+00  0.00000E+00  0.00000E+00  0.00000E+00  0.00000E+00  0.00000E+00  0.00000E+00
     70.470  0.00000E+00  0.00000E+00  0.00000E+00  0.00000E+00  0.00000E+00  0.00000E+00  0.00000E+00  0.00000E+00  0.00000E+00  0.00000E+00  0.00000E+00

    x  /  y   8.4070       8.7118       9.0166       9.3214       9.6262       9.9310       10.007       10.287       10.541       10.769       11.128    
     -0.310  0.00000E+00  0.00000E+00  0.00000E+00  0.00000E+00  0.00000E+00  0.00000E+00  0.00000E+00  0.00000E+00  0.00000E+00  0.00000E+00  0.00000E+00
     -0.155  0.00000E+00  0.00000E+00  0.00000E+00  0.00000E+00  0.00000E+00  0.00000E+00  0.00000E+00  0.00000E+00  0.00000E+00  0.00000E+00  0.00000E+00
      0.720  0.63623E+05  0.63180E+05  0.62737E+05  0.52274E+05  0.34600E+05  0.16925E+05  0.12506E+05 -0.37186E+04 -0.18424E+05 -0.31686E+05  0.00000E+00
      2.161  0.63529E+05  0.64022E+05  0.64516E+05  0.54858E+05  0.37894E+05  0.20930E+05  0.16689E+05  0.11159E+04 -0.12999E+05 -0.25727E+05  0.00000E+00
      3.602  0.68687E+05  0.69497E+05  0.70308E+05  0.62158E+05  0.47559E+05  0.32961E+05  0.29311E+05  0.15909E+05  0.37628E+04 -0.71912E+04  0.00000E+00
      5.043  0.78437E+05  0.79437E+05  0.80436E+05  0.72743E+05  0.58792E+05  0.44842E+05  0.41354E+05  0.28548E+05  0.16941E+05  0.64741E+04  0.00000E+00
      6.484  0.85576E+05  0.86402E+05  0.87228E+05  0.80091E+05  0.67221E+05  0.54352E+05  0.51134E+05  0.39320E+05  0.28613E+05  0.18956E+05  0.00000E+00
      7.925  0.86580E+05  0.87509E+05  0.88438E+05  0.81154E+05  0.67959E+05  0.54764E+05  0.51465E+05  0.39352E+05  0.28374E+05  0.18473E+05  0.00000E+00
      9.366  0.88404E+05  0.89381E+05  0.90358E+05  0.81619E+05  0.65887E+05  0.50154E+05  0.46221E+05  0.31779E+05  0.18690E+05  0.68853E+04  0.00000E+00
     10.807  0.91121E+05  0.92120E+05  0.93120E+05  0.81665E+05  0.61245E+05  0.40825E+05  0.35720E+05  0.16975E+05 -0.15376E+02 -0.15337E+05  0.00000E+00
     12.247  0.92882E+05  0.93403E+05  0.93924E+05  0.82411E+05  0.62237E+05  0.42062E+05  0.37019E+05  0.18499E+05  0.17135E+04 -0.13424E+05  0.00000E+00
     13.688  0.92133E+05  0.92935E+05  0.93738E+05  0.82531E+05  0.62680E+05  0.42829E+05  0.37867E+05  0.19644E+05  0.31277E+04 -0.11767E+05  0.00000E+00
     15.129  0.78297E+05  0.79800E+05  0.81303E+05  0.73075E+05  0.57844E+05  0.42612E+05  0.38805E+05  0.24823E+05  0.12150E+05  0.72117E+03  0.00000E+00
     15.875  0.68139E+05  0.71773E+05  0.75407E+05  0.64182E+05  0.42261E+05  0.20340E+05  0.14860E+05 -0.52625E+04 -0.23501E+05 -0.39949E+05  0.00000E+00
     16.275  0.63232E+05  0.67415E+05  0.71598E+05  0.57166E+05  0.29337E+05  0.15069E+04 -0.54505E+04 -0.30998E+05 -0.54153E+05 -0.75034E+05  0.00000E+00
     17.027  0.56139E+05  0.61720E+05  0.67302E+05  0.55928E+05  0.32349E+05  0.87710E+04  0.28764E+04 -0.18768E+05 -0.38386E+05 -0.56077E+05  0.00000E+00
     17.779  0.50315E+05  0.56415E+05  0.62515E+05  0.52394E+05  0.30598E+05  0.88015E+04  0.33524E+04 -0.16656E+05 -0.34791E+05 -0.51146E+05  0.00000E+00
     18.530  0.46200E+05  0.52656E+05  0.59112E+05  0.49521E+05  0.28380E+05  0.72384E+04  0.19531E+04 -0.17454E+05 -0.35044E+05 -0.50907E+05  0.00000E+00
     19.282  0.43565E+05  0.49845E+05  0.56126E+05  0.45731E+05  0.23335E+05  0.93795E+03 -0.46612E+04 -0.25221E+05 -0.43855E+05 -0.60660E+05  0.00000E+00
     20.033  0.41655E+05  0.47553E+05  0.53452E+05  0.42178E+05  0.18543E+05 -0.50917E+04 -0.11000E+05 -0.32696E+05 -0.52361E+05 -0.70095E+05  0.00000E+00
     20.785  0.38528E+05  0.42145E+05  0.45762E+05  0.34566E+05  0.12707E+05 -0.91513E+04 -0.14616E+05 -0.34682E+05 -0.52868E+05 -0.69270E+05  0.00000E+00
     21.536  0.35751E+05  0.37407E+05  0.39062E+05  0.27630E+05  0.67771E+04 -0.14076E+05 -0.19289E+05 -0.38431E+05 -0.55781E+05 -0.71428E+05  0.00000E+00
     22.288  0.33836E+05  0.34340E+05  0.34844E+05  0.22769E+05  0.16410E+04 -0.19487E+05 -0.24769E+05 -0.44165E+05 -0.61744E+05 -0.77597E+05  0.00000E+00
     23.040  0.32269E+05  0.32129E+05  0.31989E+05  0.19314E+05 -0.23833E+04 -0.24080E+05 -0.29505E+05 -0.49422E+05 -0.67475E+05 -0.83755E+05  0.00000E+00
     23.791  0.31083E+05  0.30858E+05  0.30633E+05  0.17404E+05 -0.51844E+04 -0.27773E+05 -0.33420E+05 -0.54157E+05 -0.72951E+05 -0.89900E+05  0.00000E+00
     24.543  0.29803E+05  0.29564E+05  0.29324E+05  0.15618E+05 -0.77822E+04 -0.31182E+05 -0.37032E+05 -0.58512E+05 -0.77981E+05 -0.95539E+05  0.00000E+00
     25.294  0.28421E+05  0.28243E+05  0.28065E+05  0.13964E+05 -0.10158E+05 -0.34280E+05 -0.40311E+05 -0.62454E+05 -0.82524E+05 -0.10062E+06  0.00000E+00
     26.046  0.27152E+05  0.27003E+05  0.26853E+05  0.12393E+05 -0.12367E+05 -0.37127E+05 -0.43317E+05 -0.66047E+05 -0.86648E+05 -0.10523E+06  0.00000E+00
     26.797  0.26007E+05  0.25850E+05  0.25693E+05  0.10912E+05 -0.14395E+05 -0.39702E+05 -0.46029E+05 -0.69260E+05 -0.90316E+05 -0.10930E+06  0.00000E+00
     27.549  0.24966E+05  0.24775E+05  0.24584E+05  0.95247E+04 -0.16236E+05 -0.41996E+05 -0.48436E+05 -0.72083E+05 -0.93517E+05 -0.11285E+06  0.00000E+00
     28.301  0.24039E+05  0.23784E+05  0.23529E+05  0.82384E+04 -0.17875E+05 -0.43988E+05 -0.50516E+05 -0.74487E+05 -0.96214E+05 -0.11581E+06  0.00000E+00
     29.052  0.23224E+05  0.22880E+05  0.22536E+05  0.70494E+04 -0.19336E+05 -0.45722E+05 -0.52318E+05 -0.76540E+05 -0.98493E+05 -0.11829E+06  0.00000E+00
     29.804  0.22529E+05  0.22068E+05  0.21608E+05  0.59642E+04 -0.20609E+05 -0.47181E+05 -0.53825E+05 -0.78218E+05 -0.10033E+06 -0.12027E+06  0.00000E+00
     30.555  0.21950E+05  0.21351E+05  0.20752E+05  0.49665E+04 -0.21749E+05 -0.48465E+05 -0.55144E+05 -0.79669E+05 -0.10190E+06 -0.12194E+06  0.00000E+00
     31.307  0.21495E+05  0.20733E+05  0.19971E+05  0.40615E+04 -0.22751E+05 -0.49563E+05 -0.56266E+05 -0.80879E+05 -0.10319E+06 -0.12330E+06  0.00000E+00
     32.058  0.21156E+05  0.20209E+05  0.19262E+05  0.32164E+04 -0.23696E+05 -0.50608E+05 -0.57336E+05 -0.82041E+05 -0.10443E+06 -0.12463E+06  0.00000E+00
     32.810  0.20939E+05  0.19783E+05  0.18628E+05  0.24343E+04 -0.24582E+05 -0.51599E+05 -0.58353E+05 -0.83154E+05 -0.10563E+06 -0.12590E+06  0.00000E+00
     33.562  0.20897E+05  0.19501E+05  0.18105E+05  0.17337E+04 -0.25417E+05 -0.52568E+05 -0.59355E+05 -0.84279E+05 -0.10687E+06 -0.12724E+06  0.00000E+00
     34.313  0.21038E+05  0.19369E+05  0.17700E+05  0.11179E+04 -0.26198E+05 -0.53513E+05 -0.60342E+05 -0.85417E+05 -0.10814E+06 -0.12864E+06  0.00000E+00
     35.065  0.21311E+05  0.19328E+05  0.17345E+05  0.51574E+03 -0.26999E+05 -0.54514E+05 -0.61393E+05 -0.86651E+05 -0.10954E+06 -0.13019E+06  0.00000E+00
     35.816  0.21720E+05  0.19381E+05  0.17043E+05 -0.72287E+02 -0.27822E+05 -0.55573E+05 -0.62510E+05 -0.87984E+05 -0.11107E+06 -0.13189E+06  0.00000E+00
     36.568  0.22235E+05  0.19455E+05  0.16674E+05 -0.78109E+03 -0.28799E+05 -0.56817E+05 -0.63821E+05 -0.89541E+05 -0.11285E+06 -0.13388E+06  0.00000E+00
     37.319  0.22858E+05  0.19548E+05  0.16238E+05 -0.16139E+04 -0.29933E+05 -0.58253E+05 -0.65332E+05 -0.91329E+05 -0.11489E+06 -0.13614E+06  0.00000E+00
     38.071  0.23658E+05  0.19725E+05  0.15791E+05 -0.24641E+04 -0.31027E+05 -0.59590E+05 -0.66731E+05 -0.92951E+05 -0.11672E+06 -0.13815E+06  0.00000E+00
     38.823  0.24638E+05  0.19985E+05  0.15332E+05 -0.33319E+04 -0.32080E+05 -0.60828E+05 -0.68015E+05 -0.94405E+05 -0.11832E+06 -0.13989E+06  0.00000E+00
     39.574  0.25992E+05  0.20548E+05  0.15103E+05 -0.37859E+04 -0.32351E+05 -0.60916E+05 -0.68057E+05 -0.94280E+05 -0.11805E+06 -0.13948E+06  0.00000E+00
     40.326  0.27726E+05  0.21416E+05  0.15106E+05 -0.38215E+04 -0.31831E+05 -0.59841E+05 -0.66844E+05 -0.92556E+05 -0.11586E+06 -0.13688E+06  0.00000E+00
     41.077  0.28595E+05  0.21851E+05  0.15108E+05 -0.38393E+04 -0.31571E+05 -0.59303E+05 -0.66235E+05 -0.91693E+05 -0.11477E+06 -0.13557E+06  0.00000E+00
     41.775  0.00000E+00  0.00000E+00  0.00000E+00  0.00000E+00  0.00000E+00  0.00000E+00  0.00000E+00  0.00000E+00  0.00000E+00  0.00000E+00  0.00000E+00
     42.418  0.00000E+00  0.00000E+00  0.00000E+00  0.00000E+00  0.00000E+00  0.00000E+00  0.00000E+00  0.00000E+00  0.00000E+00  0.00000E+00  0.00000E+00
     43.062  0.00000E+00  0.00000E+00  0.00000E+00  0.00000E+00  0.00000E+00  0.00000E+00  0.00000E+00  0.00000E+00  0.00000E+00  0.00000E+00  0.00000E+00
     43.706  0.00000E+00  0.00000E+00  0.00000E+00  0.00000E+00  0.00000E+00  0.00000E+00  0.00000E+00  0.00000E+00  0.00000E+00  0.00000E+00  0.00000E+00
     44.349  0.00000E+00  0.00000E+00  0.00000E+00  0.00000E+00  0.00000E+00  0.00000E+00  0.00000E+00  0.00000E+00  0.00000E+00  0.00000E+00  0.00000E+00
     44.993  0.00000E+00  0.00000E+00  0.00000E+00  0.00000E+00  0.00000E+00  0.00000E+00  0.00000E+00  0.00000E+00  0.00000E+00  0.00000E+00  0.00000E+00
     46.043  0.00000E+00  0.00000E+00  0.00000E+00  0.00000E+00  0.00000E+00  0.00000E+00  0.00000E+00  0.00000E+00  0.00000E+00  0.00000E+00  0.00000E+00
     47.499  0.00000E+00  0.00000E+00  0.00000E+00  0.00000E+00  0.00000E+00  0.00000E+00  0.00000E+00  0.00000E+00  0.00000E+00  0.00000E+00  0.00000E+00
     48.955  0.00000E+00  0.00000E+00  0.00000E+00  0.00000E+00  0.00000E+00  0.00000E+00  0.00000E+00  0.00000E+00  0.00000E+00  0.00000E+00  0.00000E+00
     50.412  0.00000E+00  0.00000E+00  0.00000E+00  0.00000E+00  0.00000E+00  0.00000E+00  0.00000E+00  0.00000E+00  0.00000E+00  0.00000E+00  0.00000E+00
     51.868  0.00000E+00  0.00000E+00  0.00000E+00  0.00000E+00  0.00000E+00  0.00000E+00  0.00000E+00  0.00000E+00  0.00000E+00  0.00000E+00  0.00000E+00
     53.324  0.00000E+00  0.00000E+00  0.00000E+00  0.00000E+00  0.00000E+00  0.00000E+00  0.00000E+00  0.00000E+00  0.00000E+00  0.00000E+00  0.00000E+00
     54.781  0.00000E+00  0.00000E+00  0.00000E+00  0.00000E+00  0.00000E+00  0.00000E+00  0.00000E+00  0.00000E+00  0.00000E+00  0.00000E+00  0.00000E+00
     56.237  0.00000E+00  0.00000E+00  0.00000E+00  0.00000E+00  0.00000E+00  0.00000E+00  0.00000E+00  0.00000E+00  0.00000E+00  0.00000E+00  0.00000E+00
     57.693  0.00000E+00  0.00000E+00  0.00000E+00  0.00000E+00  0.00000E+00  0.00000E+00  0.00000E+00  0.00000E+00  0.00000E+00  0.00000E+00  0.00000E+00
     59.150  0.00000E+00  0.00000E+00  0.00000E+00  0.00000E+00  0.00000E+00  0.00000E+00  0.00000E+00  0.00000E+00  0.00000E+00  0.00000E+00  0.00000E+00
     60.606  0.00000E+00  0.00000E+00  0.00000E+00  0.00000E+00  0.00000E+00  0.00000E+00  0.00000E+00  0.00000E+00  0.00000E+00  0.00000E+00  0.00000E+00
     62.062  0.00000E+00  0.00000E+00  0.00000E+00  0.00000E+00  0.00000E+00  0.00000E+00  0.00000E+00  0.00000E+00  0.00000E+00  0.00000E+00  0.00000E+00
     63.519  0.00000E+00  0.00000E+00  0.00000E+00  0.00000E+00  0.00000E+00  0.00000E+00  0.00000E+00  0.00000E+00  0.00000E+00  0.00000E+00  0.00000E+00
     64.975  0.00000E+00  0.00000E+00  0.00000E+00  0.00000E+00  0.00000E+00  0.00000E+00  0.00000E+00  0.00000E+00  0.00000E+00  0.00000E+00  0.00000E+00
     66.431  0.00000E+00  0.00000E+00  0.00000E+00  0.00000E+00  0.00000E+00  0.00000E+00  0.00000E+00  0.00000E+00  0.00000E+00  0.00000E+00  0.00000E+00
     67.237  0.00000E+00  0.00000E+00  0.00000E+00  0.00000E+00  0.00000E+00  0.00000E+00  0.00000E+00  0.00000E+00  0.00000E+00  0.00000E+00  0.00000E+00
     67.392  0.00000E+00  0.00000E+00  0.00000E+00  0.00000E+00  0.00000E+00  0.00000E+00  0.00000E+00  0.00000E+00  0.00000E+00  0.00000E+00  0.00000E+00
     67.970  0.00000E+00  0.00000E+00  0.00000E+00  0.00000E+00  0.00000E+00  0.00000E+00  0.00000E+00  0.00000E+00  0.00000E+00  0.00000E+00  0.00000E+00
     68.970  0.00000E+00  0.00000E+00  0.00000E+00  0.00000E+00  0.00000E+00  0.00000E+00  0.00000E+00  0.00000E+00  0.00000E+00  0.00000E+00  0.00000E+00
     69.970  0.00000E+00  0.00000E+00  0.00000E+00  0.00000E+00  0.00000E+00  0.00000E+00  0.00000E+00  0.00000E+00  0.00000E+00  0.00000E+00  0.00000E+00
     70.470  0.00000E+00  0.00000E+00  0.00000E+00  0.00000E+00  0.00000E+00  0.00000E+00  0.00000E+00  0.00000E+00  0.00000E+00  0.00000E+00  0.00000E+00

    x  /  y   11.283    
     -0.310  0.00000E+00
     -0.155  0.00000E+00
      0.720  0.00000E+00
      2.161  0.00000E+00
      3.602  0.00000E+00
      5.043  0.00000E+00
      6.484  0.00000E+00
      7.925  0.00000E+00
      9.366  0.00000E+00
     10.807  0.00000E+00
     12.247  0.00000E+00
     13.688  0.00000E+00
     15.129  0.00000E+00
     15.875  0.00000E+00
     16.275  0.00000E+00
     17.027  0.00000E+00
     17.779  0.00000E+00
     18.530  0.00000E+00
     19.282  0.00000E+00
     20.033  0.00000E+00
     20.785  0.00000E+00
     21.536  0.00000E+00
     22.288  0.00000E+00
     23.040  0.00000E+00
     23.791  0.00000E+00
     24.543  0.00000E+00
     25.294  0.00000E+00
     26.046  0.00000E+00
     26.797  0.00000E+00
     27.549  0.00000E+00
     28.301  0.00000E+00
     29.052  0.00000E+00
     29.804  0.00000E+00
     30.555  0.00000E+00
     31.307  0.00000E+00
     32.058  0.00000E+00
     32.810  0.00000E+00
     33.562  0.00000E+00
     34.313  0.00000E+00
     35.065  0.00000E+00
     35.816  0.00000E+00
     36.568  0.00000E+00
     37.319  0.00000E+00
     38.071  0.00000E+00
     38.823  0.00000E+00
     39.574  0.00000E+00
     40.326  0.00000E+00
     41.077  0.00000E+00
     41.775  0.00000E+00
     42.418  0.00000E+00
     43.062  0.00000E+00
     43.706  0.00000E+00
     44.349  0.00000E+00
     44.993  0.00000E+00
     46.043  0.00000E+00
     47.499  0.00000E+00
     48.955  0.00000E+00
     50.412  0.00000E+00
     51.868  0.00000E+00
     53.324  0.00000E+00
     54.781  0.00000E+00
     56.237  0.00000E+00
     57.693  0.00000E+00
     59.150  0.00000E+00
     60.606  0.00000E+00
     62.062  0.00000E+00
     63.519  0.00000E+00
     64.975  0.00000E+00
     66.431  0.00000E+00
     67.237  0.00000E+00
     67.392  0.00000E+00
     67.970  0.00000E+00
     68.970  0.00000E+00
     69.970  0.00000E+00
     70.470  0.00000E+00
