   12845493.3166197        input qc_tot
   187699.518621981        maximum flux input value
  -136638.581469228        minimum flux input value
        
   12175797.4835233        adjusted total qrs
   177913.862096615        maximum flux adjusted value
  -129514.971157451        minimum flux adjusted value

         adjusted surface radiation heat flux (W/m**2)

    x  /  y -0.31000     -0.15500      0.22860      0.48220      0.71080      0.99060       1.0918       1.3966       1.7014       2.0080       2.3145    
     -0.310  0.00000E+00  0.00000E+00  0.00000E+00  0.00000E+00  0.00000E+00  0.00000E+00  0.00000E+00  0.00000E+00  0.00000E+00  0.00000E+00  0.00000E+00
     -0.155  0.00000E+00  0.00000E+00  0.00000E+00  0.00000E+00  0.00000E+00  0.00000E+00  0.00000E+00  0.00000E+00  0.00000E+00  0.00000E+00  0.00000E+00
      0.720  0.00000E+00  0.00000E+00  0.26394E+05  0.31607E+05  0.36306E+05  0.42057E+05  0.44137E+05  0.50403E+05  0.56668E+05  0.57039E+05  0.53190E+05
      2.161  0.00000E+00  0.00000E+00  0.47866E+05  0.51056E+05  0.53932E+05  0.57451E+05  0.58725E+05  0.62559E+05  0.66393E+05  0.64954E+05  0.59749E+05
      3.602  0.00000E+00  0.00000E+00  0.96792E+05  0.11061E+06  0.12307E+06  0.13832E+06  0.14384E+06  0.16045E+06  0.17707E+06  0.17791E+06  0.16748E+06
      5.043  0.00000E+00  0.00000E+00  0.96096E+05  0.97034E+05  0.97880E+05  0.98915E+05  0.99289E+05  0.10042E+06  0.10154E+06  0.97887E+05  0.90821E+05
      6.484  0.00000E+00  0.00000E+00  0.11193E+06  0.10993E+06  0.10812E+06  0.10591E+06  0.10512E+06  0.10271E+06  0.10030E+06  0.92884E+05  0.81907E+05
      7.925  0.00000E+00  0.00000E+00  0.87922E+05  0.86772E+05  0.85735E+05  0.84466E+05  0.84007E+05  0.82625E+05  0.81243E+05  0.75328E+05  0.66194E+05
      9.366  0.00000E+00  0.00000E+00  0.70137E+05  0.72799E+05  0.75198E+05  0.78134E+05  0.79196E+05  0.82395E+05  0.85593E+05  0.81227E+05  0.71465E+05
     10.807  0.00000E+00  0.00000E+00  0.49509E+05  0.57238E+05  0.64204E+05  0.72731E+05  0.75815E+05  0.85103E+05  0.94392E+05  0.92085E+05  0.81490E+05
     12.247  0.00000E+00  0.00000E+00  0.24721E+05  0.33021E+05  0.40503E+05  0.49660E+05  0.52973E+05  0.62948E+05  0.72924E+05  0.73348E+05  0.66936E+05
     13.688  0.00000E+00  0.00000E+00  0.28868E+05  0.36463E+05  0.43309E+05  0.51689E+05  0.54720E+05  0.63848E+05  0.72977E+05  0.71839E+05  0.63360E+05
     15.129  0.00000E+00  0.00000E+00  0.20534E+05  0.22182E+05  0.23666E+05  0.25484E+05  0.26141E+05  0.28121E+05  0.30101E+05  0.28094E+05  0.23243E+05
     15.875  0.00000E+00  0.00000E+00  0.26813E+05  0.28164E+05  0.29382E+05  0.30872E+05  0.31411E+05  0.33035E+05  0.34658E+05  0.32993E+05  0.28982E+05
     16.275  0.00000E+00  0.00000E+00  0.37703E+05  0.38492E+05  0.39204E+05  0.40075E+05  0.40390E+05  0.41339E+05  0.42288E+05  0.39848E+05  0.34994E+05
     17.027  0.00000E+00  0.00000E+00  0.42071E+05  0.42973E+05  0.43786E+05  0.44781E+05  0.45141E+05  0.46225E+05  0.47309E+05  0.44174E+05  0.38033E+05
     17.779  0.00000E+00  0.00000E+00  0.38270E+05  0.38629E+05  0.38952E+05  0.39348E+05  0.39492E+05  0.39923E+05  0.40355E+05  0.37718E+05  0.32896E+05
     18.530  0.00000E+00  0.00000E+00  0.60965E+05  0.58485E+05  0.56250E+05  0.53513E+05  0.52524E+05  0.49543E+05  0.46563E+05  0.42169E+05  0.36781E+05
     19.282  0.00000E+00  0.00000E+00  0.81626E+05  0.78631E+05  0.75930E+05  0.72626E+05  0.71430E+05  0.67830E+05  0.64230E+05  0.57410E+05  0.48315E+05
     20.033  0.00000E+00  0.00000E+00  0.47143E+05  0.46530E+05  0.45977E+05  0.45301E+05  0.45056E+05  0.44319E+05  0.43583E+05  0.40792E+05  0.36543E+05
     20.785  0.00000E+00  0.00000E+00  0.28913E+05  0.29369E+05  0.29779E+05  0.30282E+05  0.30464E+05  0.31012E+05  0.31559E+05  0.30664E+05  0.28739E+05
     21.536  0.00000E+00  0.00000E+00  0.21593E+05  0.22454E+05  0.23231E+05  0.24182E+05  0.24526E+05  0.25562E+05  0.26597E+05  0.26436E+05  0.25420E+05
     22.288  0.00000E+00  0.00000E+00  0.16325E+05  0.17619E+05  0.18786E+05  0.20214E+05  0.20731E+05  0.22287E+05  0.23843E+05  0.24100E+05  0.23427E+05
     23.040  0.00000E+00  0.00000E+00  0.12453E+05  0.14069E+05  0.15526E+05  0.17309E+05  0.17953E+05  0.19896E+05  0.21838E+05  0.22373E+05  0.21898E+05
     23.791  0.00000E+00  0.00000E+00  0.10117E+05  0.11932E+05  0.13568E+05  0.15571E+05  0.16295E+05  0.18477E+05  0.20659E+05  0.21316E+05  0.20881E+05
     24.543  0.00000E+00  0.00000E+00  0.82577E+04  0.10256E+05  0.12058E+05  0.14263E+05  0.15060E+05  0.17462E+05  0.19864E+05  0.20602E+05  0.20146E+05
     25.294  0.00000E+00  0.00000E+00  0.69192E+04  0.90836E+04  0.11035E+05  0.13423E+05  0.14286E+05  0.16888E+05  0.19489E+05  0.20260E+05  0.19719E+05
     26.046  0.00000E+00  0.00000E+00  0.59028E+04  0.81839E+04  0.10240E+05  0.12757E+05  0.13667E+05  0.16409E+05  0.19150E+05  0.19940E+05  0.19330E+05
     26.797  0.00000E+00  0.00000E+00  0.52354E+04  0.75799E+04  0.96933E+04  0.12280E+05  0.13216E+05  0.16033E+05  0.18851E+05  0.19644E+05  0.18983E+05
     27.549  0.00000E+00  0.00000E+00  0.47713E+04  0.71370E+04  0.92694E+04  0.11879E+05  0.12823E+05  0.15667E+05  0.18510E+05  0.19313E+05  0.18652E+05
     28.301  0.00000E+00  0.00000E+00  0.45259E+04  0.68673E+04  0.89778E+04  0.11561E+05  0.12495E+05  0.15310E+05  0.18124E+05  0.18945E+05  0.18336E+05
     29.052  0.00000E+00  0.00000E+00  0.43277E+04  0.66243E+04  0.86945E+04  0.11228E+05  0.12145E+05  0.14905E+05  0.17665E+05  0.18508E+05  0.17976E+05
     29.804  0.00000E+00  0.00000E+00  0.41801E+04  0.64099E+04  0.84199E+04  0.10880E+05  0.11770E+05  0.14450E+05  0.17130E+05  0.17999E+05  0.17568E+05
     30.555  0.00000E+00  0.00000E+00  0.39706E+04  0.61342E+04  0.80845E+04  0.10472E+05  0.11335E+05  0.13935E+05  0.16536E+05  0.17417E+05  0.17065E+05
     31.307  0.00000E+00  0.00000E+00  0.36957E+04  0.57935E+04  0.76844E+04  0.99989E+04  0.10836E+05  0.13357E+05  0.15878E+05  0.16759E+05  0.16462E+05
     32.058  0.00000E+00  0.00000E+00  0.34432E+04  0.54449E+04  0.72493E+04  0.94578E+04  0.10257E+05  0.12662E+05  0.15068E+05  0.15945E+05  0.15723E+05
     32.810  0.00000E+00  0.00000E+00  0.32143E+04  0.50882E+04  0.67774E+04  0.88449E+04  0.95926E+04  0.11845E+05  0.14097E+05  0.14966E+05  0.14841E+05
     33.562  0.00000E+00  0.00000E+00  0.31539E+04  0.48319E+04  0.63444E+04  0.81956E+04  0.88652E+04  0.10882E+05  0.12899E+05  0.13718E+05  0.13678E+05
     34.313  0.00000E+00  0.00000E+00  0.32695E+04  0.46802E+04  0.59520E+04  0.75085E+04  0.80715E+04  0.97671E+04  0.11463E+05  0.12190E+05  0.12222E+05
     35.065  0.00000E+00  0.00000E+00  0.36013E+04  0.46992E+04  0.56889E+04  0.69003E+04  0.73385E+04  0.86581E+04  0.99777E+04  0.10548E+05  0.10581E+05
     35.816  0.00000E+00  0.00000E+00  0.41569E+04  0.48947E+04  0.55598E+04  0.63739E+04  0.66683E+04  0.75551E+04  0.84419E+04  0.87885E+04  0.87474E+04
     36.568  0.00000E+00  0.00000E+00  0.47365E+04  0.51571E+04  0.55363E+04  0.60005E+04  0.61684E+04  0.66740E+04  0.71796E+04  0.73012E+04  0.71477E+04
     37.319  0.00000E+00  0.00000E+00  0.53405E+04  0.54882E+04  0.56214E+04  0.57843E+04  0.58433E+04  0.60208E+04  0.61983E+04  0.60937E+04  0.57877E+04
     38.071  0.00000E+00  0.00000E+00  0.57186E+04  0.56952E+04  0.56741E+04  0.56483E+04  0.56390E+04  0.56108E+04  0.55827E+04  0.53404E+04  0.49457E+04
     38.823  0.00000E+00  0.00000E+00  0.58663E+04  0.57756E+04  0.56939E+04  0.55939E+04  0.55578E+04  0.54488E+04  0.53399E+04  0.50499E+04  0.46316E+04
     39.574  0.00000E+00  0.00000E+00  0.58859E+04  0.57866E+04  0.56970E+04  0.55874E+04  0.55477E+04  0.54283E+04  0.53089E+04  0.50254E+04  0.46256E+04
     40.326  0.00000E+00  0.00000E+00  0.57761E+04  0.57272E+04  0.56831E+04  0.56292E+04  0.56096E+04  0.55508E+04  0.54921E+04  0.52697E+04  0.49313E+04
     41.077  0.00000E+00  0.00000E+00  0.57211E+04  0.56975E+04  0.56762E+04  0.56501E+04  0.56406E+04  0.56122E+04  0.55838E+04  0.53922E+04  0.50845E+04
     41.775  0.00000E+00  0.00000E+00  0.00000E+00  0.00000E+00  0.00000E+00  0.00000E+00  0.00000E+00  0.00000E+00  0.00000E+00  0.00000E+00  0.00000E+00
     42.418  0.00000E+00  0.00000E+00  0.00000E+00  0.00000E+00  0.00000E+00  0.00000E+00  0.00000E+00  0.00000E+00  0.00000E+00  0.00000E+00  0.00000E+00
     43.062  0.00000E+00  0.00000E+00  0.00000E+00  0.00000E+00  0.00000E+00  0.00000E+00  0.00000E+00  0.00000E+00  0.00000E+00  0.00000E+00  0.00000E+00
     43.706  0.00000E+00  0.00000E+00  0.00000E+00  0.00000E+00  0.00000E+00  0.00000E+00  0.00000E+00  0.00000E+00  0.00000E+00  0.00000E+00  0.00000E+00
     44.349  0.00000E+00  0.00000E+00  0.00000E+00  0.00000E+00  0.00000E+00  0.00000E+00  0.00000E+00  0.00000E+00  0.00000E+00  0.00000E+00  0.00000E+00
     44.993  0.00000E+00  0.00000E+00  0.00000E+00  0.00000E+00  0.00000E+00  0.00000E+00  0.00000E+00  0.00000E+00  0.00000E+00  0.00000E+00  0.00000E+00
     46.043  0.00000E+00  0.00000E+00  0.00000E+00  0.00000E+00  0.00000E+00  0.00000E+00  0.00000E+00  0.00000E+00  0.00000E+00  0.00000E+00  0.00000E+00
     47.499  0.00000E+00  0.00000E+00  0.00000E+00  0.00000E+00  0.00000E+00  0.00000E+00  0.00000E+00  0.00000E+00  0.00000E+00  0.00000E+00  0.00000E+00
     48.955  0.00000E+00  0.00000E+00  0.00000E+00  0.00000E+00  0.00000E+00  0.00000E+00  0.00000E+00  0.00000E+00  0.00000E+00  0.00000E+00  0.00000E+00
     50.412  0.00000E+00  0.00000E+00  0.00000E+00  0.00000E+00  0.00000E+00  0.00000E+00  0.00000E+00  0.00000E+00  0.00000E+00  0.00000E+00  0.00000E+00
     51.868  0.00000E+00  0.00000E+00  0.00000E+00  0.00000E+00  0.00000E+00  0.00000E+00  0.00000E+00  0.00000E+00  0.00000E+00  0.00000E+00  0.00000E+00
     53.324  0.00000E+00  0.00000E+00  0.00000E+00  0.00000E+00  0.00000E+00  0.00000E+00  0.00000E+00  0.00000E+00  0.00000E+00  0.00000E+00  0.00000E+00
     54.781  0.00000E+00  0.00000E+00  0.00000E+00  0.00000E+00  0.00000E+00  0.00000E+00  0.00000E+00  0.00000E+00  0.00000E+00  0.00000E+00  0.00000E+00
     56.237  0.00000E+00  0.00000E+00  0.00000E+00  0.00000E+00  0.00000E+00  0.00000E+00  0.00000E+00  0.00000E+00  0.00000E+00  0.00000E+00  0.00000E+00
     57.693  0.00000E+00  0.00000E+00  0.00000E+00  0.00000E+00  0.00000E+00  0.00000E+00  0.00000E+00  0.00000E+00  0.00000E+00  0.00000E+00  0.00000E+00
     59.150  0.00000E+00  0.00000E+00  0.00000E+00  0.00000E+00  0.00000E+00  0.00000E+00  0.00000E+00  0.00000E+00  0.00000E+00  0.00000E+00  0.00000E+00
     60.606  0.00000E+00  0.00000E+00  0.00000E+00  0.00000E+00  0.00000E+00  0.00000E+00  0.00000E+00  0.00000E+00  0.00000E+00  0.00000E+00  0.00000E+00
     62.062  0.00000E+00  0.00000E+00  0.00000E+00  0.00000E+00  0.00000E+00  0.00000E+00  0.00000E+00  0.00000E+00  0.00000E+00  0.00000E+00  0.00000E+00
     63.519  0.00000E+00  0.00000E+00  0.00000E+00  0.00000E+00  0.00000E+00  0.00000E+00  0.00000E+00  0.00000E+00  0.00000E+00  0.00000E+00  0.00000E+00
     64.975  0.00000E+00  0.00000E+00  0.00000E+00  0.00000E+00  0.00000E+00  0.00000E+00  0.00000E+00  0.00000E+00  0.00000E+00  0.00000E+00  0.00000E+00
     66.431  0.00000E+00  0.00000E+00  0.00000E+00  0.00000E+00  0.00000E+00  0.00000E+00  0.00000E+00  0.00000E+00  0.00000E+00  0.00000E+00  0.00000E+00
     67.237  0.00000E+00  0.00000E+00  0.00000E+00  0.00000E+00  0.00000E+00  0.00000E+00  0.00000E+00  0.00000E+00  0.00000E+00  0.00000E+00  0.00000E+00
     67.392  0.00000E+00  0.00000E+00  0.00000E+00  0.00000E+00  0.00000E+00  0.00000E+00  0.00000E+00  0.00000E+00  0.00000E+00  0.00000E+00  0.00000E+00
     67.970  0.00000E+00  0.00000E+00  0.00000E+00  0.00000E+00  0.00000E+00  0.00000E+00  0.00000E+00  0.00000E+00  0.00000E+00  0.00000E+00  0.00000E+00
     68.970  0.00000E+00  0.00000E+00  0.00000E+00  0.00000E+00  0.00000E+00  0.00000E+00  0.00000E+00  0.00000E+00  0.00000E+00  0.00000E+00  0.00000E+00
     69.970  0.00000E+00  0.00000E+00  0.00000E+00  0.00000E+00  0.00000E+00  0.00000E+00  0.00000E+00  0.00000E+00  0.00000E+00  0.00000E+00  0.00000E+00
     70.470  0.00000E+00  0.00000E+00  0.00000E+00  0.00000E+00  0.00000E+00  0.00000E+00  0.00000E+00  0.00000E+00  0.00000E+00  0.00000E+00  0.00000E+00

    x  /  y   2.6176       2.9206       3.1493       3.6577       4.1148       4.2922       4.3938       4.6736       4.9018       4.9526       5.2324    
     -0.310  0.00000E+00  0.00000E+00  0.00000E+00  0.00000E+00  0.00000E+00  0.00000E+00  0.00000E+00  0.00000E+00  0.00000E+00  0.00000E+00  0.00000E+00
     -0.155  0.00000E+00  0.00000E+00  0.00000E+00  0.00000E+00  0.00000E+00  0.00000E+00  0.00000E+00  0.00000E+00  0.00000E+00  0.00000E+00  0.00000E+00
      0.720  0.49386E+05  0.45581E+05  0.46337E+05  0.58166E+05  0.68802E+05  0.72073E+05  0.70946E+05  0.67843E+05  0.65312E+05  0.64749E+05  0.61645E+05
      2.161  0.54602E+05  0.49456E+05  0.49853E+05  0.62713E+05  0.74276E+05  0.77751E+05  0.76194E+05  0.71906E+05  0.68409E+05  0.67630E+05  0.63342E+05
      3.602  0.15716E+06  0.14684E+06  0.14280E+06  0.14430E+06  0.14564E+06  0.14495E+06  0.14028E+06  0.12742E+06  0.11693E+06  0.11459E+06  0.10173E+06
      5.043  0.83835E+05  0.76850E+05  0.76806E+05  0.91339E+05  0.10441E+06  0.10804E+06  0.10507E+06  0.96888E+05  0.90218E+05  0.88733E+05  0.80555E+05
      6.484  0.71055E+05  0.60204E+05  0.59128E+05  0.76643E+05  0.92390E+05  0.97044E+05  0.94602E+05  0.87875E+05  0.82389E+05  0.81168E+05  0.74442E+05
      7.925  0.57165E+05  0.48135E+05  0.48473E+05  0.69238E+05  0.87907E+05  0.93578E+05  0.91307E+05  0.85054E+05  0.79954E+05  0.78818E+05  0.72565E+05
      9.366  0.61815E+05  0.52165E+05  0.52416E+05  0.74058E+05  0.93517E+05  0.99375E+05  0.96795E+05  0.89690E+05  0.83895E+05  0.82605E+05  0.75500E+05
     10.807  0.71016E+05  0.60543E+05  0.60337E+05  0.81427E+05  0.10039E+06  0.10603E+06  0.10323E+06  0.95534E+05  0.89255E+05  0.87858E+05  0.80159E+05
     12.247  0.60596E+05  0.54257E+05  0.54960E+05  0.71878E+05  0.87089E+05  0.91854E+05  0.90594E+05  0.87123E+05  0.84293E+05  0.83663E+05  0.80192E+05
     13.688  0.54977E+05  0.46594E+05  0.45430E+05  0.57284E+05  0.67943E+05  0.71692E+05  0.72481E+05  0.74654E+05  0.76426E+05  0.76821E+05  0.78994E+05
     15.129  0.18447E+05  0.13652E+05  0.12770E+05  0.18471E+05  0.23596E+05  0.26053E+05  0.29099E+05  0.37487E+05  0.44328E+05  0.45851E+05  0.54239E+05
     15.875  0.25016E+05  0.21051E+05  0.19366E+05  0.19279E+05  0.19202E+05  0.19444E+05  0.20539E+05  0.23553E+05  0.26012E+05  0.26559E+05  0.29574E+05
     16.275  0.30195E+05  0.25396E+05  0.22824E+05  0.20044E+05  0.17545E+05  0.16887E+05  0.17605E+05  0.19581E+05  0.21193E+05  0.21552E+05  0.23528E+05
     17.027  0.31961E+05  0.25890E+05  0.22513E+05  0.18376E+05  0.14656E+05  0.13486E+05  0.13771E+05  0.14558E+05  0.15200E+05  0.15343E+05  0.16129E+05
     17.779  0.28129E+05  0.23362E+05  0.20535E+05  0.16407E+05  0.12695E+05  0.11455E+05  0.11445E+05  0.11417E+05  0.11394E+05  0.11389E+05  0.11360E+05
     18.530  0.31456E+05  0.26130E+05  0.22899E+05  0.17926E+05  0.13454E+05  0.11899E+05  0.11643E+05  0.10937E+05  0.10361E+05  0.10233E+05  0.95276E+04
     19.282  0.39323E+05  0.30332E+05  0.25551E+05  0.20536E+05  0.16027E+05  0.14402E+05  0.13907E+05  0.12543E+05  0.11432E+05  0.11184E+05  0.98207E+04
     20.033  0.32343E+05  0.28143E+05  0.25514E+05  0.21181E+05  0.17285E+05  0.15837E+05  0.15234E+05  0.13572E+05  0.12217E+05  0.11915E+05  0.10254E+05
     20.785  0.26837E+05  0.24934E+05  0.23466E+05  0.20112E+05  0.17096E+05  0.15941E+05  0.15333E+05  0.13659E+05  0.12294E+05  0.11990E+05  0.10317E+05
     21.536  0.24415E+05  0.23410E+05  0.22413E+05  0.19533E+05  0.16943E+05  0.15924E+05  0.15292E+05  0.13552E+05  0.12133E+05  0.11817E+05  0.10077E+05
     22.288  0.22761E+05  0.22096E+05  0.21306E+05  0.18748E+05  0.16448E+05  0.15519E+05  0.14860E+05  0.13047E+05  0.11568E+05  0.11239E+05  0.94253E+04
     23.040  0.21429E+05  0.20960E+05  0.20283E+05  0.17877E+05  0.15714E+05  0.14822E+05  0.14127E+05  0.12212E+05  0.10651E+05  0.10303E+05  0.83887E+04
     23.791  0.20450E+05  0.20020E+05  0.19353E+05  0.16912E+05  0.14718E+05  0.13804E+05  0.13061E+05  0.11015E+05  0.93467E+04  0.89752E+04  0.69293E+04
     24.543  0.19695E+05  0.19244E+05  0.18538E+05  0.15943E+05  0.13610E+05  0.12637E+05  0.11845E+05  0.96632E+04  0.78839E+04  0.74878E+04  0.53060E+04
     25.294  0.19183E+05  0.18648E+05  0.17849E+05  0.14968E+05  0.12378E+05  0.11307E+05  0.10464E+05  0.81419E+04  0.62479E+04  0.58262E+04  0.35040E+04
     26.046  0.18727E+05  0.18124E+05  0.17252E+05  0.14148E+05  0.11358E+05  0.10216E+05  0.93533E+04  0.69782E+04  0.50412E+04  0.46100E+04  0.22349E+04
     26.797  0.18331E+05  0.17678E+05  0.16755E+05  0.13496E+05  0.10567E+05  0.93819E+04  0.85349E+04  0.62022E+04  0.42996E+04  0.38761E+04  0.15433E+04
     27.549  0.17998E+05  0.17345E+05  0.16393E+05  0.12991E+05  0.99320E+04  0.87070E+04  0.78726E+04  0.55745E+04  0.37003E+04  0.32831E+04  0.98501E+03
     28.301  0.17735E+05  0.17134E+05  0.16177E+05  0.12643E+05  0.94652E+04  0.82029E+04  0.73781E+04  0.51065E+04  0.32539E+04  0.28415E+04  0.56994E+03
     29.052  0.17450E+05  0.16924E+05  0.15979E+05  0.12345E+05  0.90768E+04  0.77852E+04  0.69640E+04  0.47024E+04  0.28578E+04  0.24472E+04  0.18556E+03
     29.804  0.17142E+05  0.16717E+05  0.15801E+05  0.12100E+05  0.87720E+04  0.74598E+04  0.66358E+04  0.43663E+04  0.25154E+04  0.21034E+04 -0.16608E+03
     30.555  0.16718E+05  0.16370E+05  0.15487E+05  0.11786E+05  0.84583E+04  0.71499E+04  0.63409E+04  0.41128E+04  0.22957E+04  0.18911E+04 -0.33693E+03
     31.307  0.16169E+05  0.15876E+05  0.15029E+05  0.11399E+05  0.81353E+04  0.68564E+04  0.60813E+04  0.39467E+04  0.22058E+04  0.18182E+04 -0.31634E+03
     32.058  0.15504E+05  0.15285E+05  0.14486E+05  0.10936E+05  0.77448E+04  0.65043E+04  0.57874E+04  0.38131E+04  0.22028E+04  0.18443E+04 -0.13002E+03
     32.810  0.14717E+05  0.14594E+05  0.13853E+05  0.10394E+05  0.72836E+04  0.60908E+04  0.54575E+04  0.37135E+04  0.22911E+04  0.19745E+04  0.23047E+03
     33.562  0.13638E+05  0.13598E+05  0.12918E+05  0.95909E+04  0.65992E+04  0.54702E+04  0.49362E+04  0.34654E+04  0.22659E+04  0.19989E+04  0.52808E+03
     34.313  0.12253E+05  0.12285E+05  0.11670E+05  0.85169E+04  0.56821E+04  0.46338E+04  0.42152E+04  0.30624E+04  0.21222E+04  0.19129E+04  0.76012E+03
     35.065  0.10612E+05  0.10644E+05  0.10079E+05  0.71704E+04  0.45556E+04  0.36104E+04  0.33134E+04  0.24952E+04  0.18280E+04  0.16795E+04  0.86133E+03
     35.816  0.87067E+04  0.86660E+04  0.81329E+04  0.55418E+04  0.32122E+04  0.23935E+04  0.22243E+04  0.17581E+04  0.13779E+04  0.12933E+04  0.82715E+03
     36.568  0.69958E+04  0.68440E+04  0.63483E+04  0.41794E+04  0.22294E+04  0.15706E+04  0.15369E+04  0.14439E+04  0.13681E+04  0.13512E+04  0.12583E+04
     37.319  0.54853E+04  0.51828E+04  0.47292E+04  0.30904E+04  0.16169E+04  0.11523E+04  0.12620E+04  0.15641E+04  0.18105E+04  0.18653E+04  0.21674E+04
     38.071  0.45556E+04  0.41654E+04  0.37726E+04  0.26236E+04  0.15906E+04  0.13048E+04  0.15445E+04  0.22047E+04  0.27432E+04  0.28631E+04  0.35233E+04
     38.823  0.42180E+04  0.38044E+04  0.34911E+04  0.27911E+04  0.21617E+04  0.20391E+04  0.23952E+04  0.33759E+04  0.41758E+04  0.43538E+04  0.53345E+04
     39.574  0.42304E+04  0.38352E+04  0.35936E+04  0.32151E+04  0.28747E+04  0.28617E+04  0.32714E+04  0.43998E+04  0.53200E+04  0.55249E+04  0.66532E+04
     40.326  0.45968E+04  0.42622E+04  0.40845E+04  0.38985E+04  0.37313E+04  0.37736E+04  0.41734E+04  0.52745E+04  0.61726E+04  0.63725E+04  0.74736E+04
     41.077  0.47803E+04  0.44761E+04  0.43304E+04  0.42409E+04  0.41604E+04  0.42304E+04  0.46253E+04  0.57128E+04  0.65997E+04  0.67971E+04  0.78846E+04
     41.775  0.00000E+00  0.00000E+00  0.00000E+00  0.00000E+00  0.00000E+00  0.00000E+00  0.00000E+00  0.00000E+00  0.00000E+00  0.00000E+00  0.00000E+00
     42.418  0.00000E+00  0.00000E+00  0.00000E+00  0.00000E+00  0.00000E+00  0.00000E+00  0.00000E+00  0.00000E+00  0.00000E+00  0.00000E+00  0.00000E+00
     43.062  0.00000E+00  0.00000E+00  0.00000E+00  0.00000E+00  0.00000E+00  0.00000E+00  0.00000E+00  0.00000E+00  0.00000E+00  0.00000E+00  0.00000E+00
     43.706  0.00000E+00  0.00000E+00  0.00000E+00  0.00000E+00  0.00000E+00  0.00000E+00  0.00000E+00  0.00000E+00  0.00000E+00  0.00000E+00  0.00000E+00
     44.349  0.00000E+00  0.00000E+00  0.00000E+00  0.00000E+00  0.00000E+00  0.00000E+00  0.00000E+00  0.00000E+00  0.00000E+00  0.00000E+00  0.00000E+00
     44.993  0.00000E+00  0.00000E+00  0.00000E+00  0.00000E+00  0.00000E+00  0.00000E+00  0.00000E+00  0.00000E+00  0.00000E+00  0.00000E+00  0.00000E+00
     46.043  0.00000E+00  0.00000E+00  0.00000E+00  0.00000E+00  0.00000E+00  0.00000E+00  0.00000E+00  0.00000E+00  0.00000E+00  0.00000E+00  0.00000E+00
     47.499  0.00000E+00  0.00000E+00  0.00000E+00  0.00000E+00  0.00000E+00  0.00000E+00  0.00000E+00  0.00000E+00  0.00000E+00  0.00000E+00  0.00000E+00
     48.955  0.00000E+00  0.00000E+00  0.00000E+00  0.00000E+00  0.00000E+00  0.00000E+00  0.00000E+00  0.00000E+00  0.00000E+00  0.00000E+00  0.00000E+00
     50.412  0.00000E+00  0.00000E+00  0.00000E+00  0.00000E+00  0.00000E+00  0.00000E+00  0.00000E+00  0.00000E+00  0.00000E+00  0.00000E+00  0.00000E+00
     51.868  0.00000E+00  0.00000E+00  0.00000E+00  0.00000E+00  0.00000E+00  0.00000E+00  0.00000E+00  0.00000E+00  0.00000E+00  0.00000E+00  0.00000E+00
     53.324  0.00000E+00  0.00000E+00  0.00000E+00  0.00000E+00  0.00000E+00  0.00000E+00  0.00000E+00  0.00000E+00  0.00000E+00  0.00000E+00  0.00000E+00
     54.781  0.00000E+00  0.00000E+00  0.00000E+00  0.00000E+00  0.00000E+00  0.00000E+00  0.00000E+00  0.00000E+00  0.00000E+00  0.00000E+00  0.00000E+00
     56.237  0.00000E+00  0.00000E+00  0.00000E+00  0.00000E+00  0.00000E+00  0.00000E+00  0.00000E+00  0.00000E+00  0.00000E+00  0.00000E+00  0.00000E+00
     57.693  0.00000E+00  0.00000E+00  0.00000E+00  0.00000E+00  0.00000E+00  0.00000E+00  0.00000E+00  0.00000E+00  0.00000E+00  0.00000E+00  0.00000E+00
     59.150  0.00000E+00  0.00000E+00  0.00000E+00  0.00000E+00  0.00000E+00  0.00000E+00  0.00000E+00  0.00000E+00  0.00000E+00  0.00000E+00  0.00000E+00
     60.606  0.00000E+00  0.00000E+00  0.00000E+00  0.00000E+00  0.00000E+00  0.00000E+00  0.00000E+00  0.00000E+00  0.00000E+00  0.00000E+00  0.00000E+00
     62.062  0.00000E+00  0.00000E+00  0.00000E+00  0.00000E+00  0.00000E+00  0.00000E+00  0.00000E+00  0.00000E+00  0.00000E+00  0.00000E+00  0.00000E+00
     63.519  0.00000E+00  0.00000E+00  0.00000E+00  0.00000E+00  0.00000E+00  0.00000E+00  0.00000E+00  0.00000E+00  0.00000E+00  0.00000E+00  0.00000E+00
     64.975  0.00000E+00  0.00000E+00  0.00000E+00  0.00000E+00  0.00000E+00  0.00000E+00  0.00000E+00  0.00000E+00  0.00000E+00  0.00000E+00  0.00000E+00
     66.431  0.00000E+00  0.00000E+00  0.00000E+00  0.00000E+00  0.00000E+00  0.00000E+00  0.00000E+00  0.00000E+00  0.00000E+00  0.00000E+00  0.00000E+00
     67.237  0.00000E+00  0.00000E+00  0.00000E+00  0.00000E+00  0.00000E+00  0.00000E+00  0.00000E+00  0.00000E+00  0.00000E+00  0.00000E+00  0.00000E+00
     67.392  0.00000E+00  0.00000E+00  0.00000E+00  0.00000E+00  0.00000E+00  0.00000E+00  0.00000E+00  0.00000E+00  0.00000E+00  0.00000E+00  0.00000E+00
     67.970  0.00000E+00  0.00000E+00  0.00000E+00  0.00000E+00  0.00000E+00  0.00000E+00  0.00000E+00  0.00000E+00  0.00000E+00  0.00000E+00  0.00000E+00
     68.970  0.00000E+00  0.00000E+00  0.00000E+00  0.00000E+00  0.00000E+00  0.00000E+00  0.00000E+00  0.00000E+00  0.00000E+00  0.00000E+00  0.00000E+00
     69.970  0.00000E+00  0.00000E+00  0.00000E+00  0.00000E+00  0.00000E+00  0.00000E+00  0.00000E+00  0.00000E+00  0.00000E+00  0.00000E+00  0.00000E+00
     70.470  0.00000E+00  0.00000E+00  0.00000E+00  0.00000E+00  0.00000E+00  0.00000E+00  0.00000E+00  0.00000E+00  0.00000E+00  0.00000E+00  0.00000E+00

    x  /  y   5.5114       5.7654       6.0452       6.1210       6.3242       6.6040       6.7306       6.8830       7.3153       7.8487       8.1022    
     -0.310  0.00000E+00  0.00000E+00  0.00000E+00  0.00000E+00  0.00000E+00  0.00000E+00  0.00000E+00  0.00000E+00  0.00000E+00  0.00000E+00  0.00000E+00
     -0.155  0.00000E+00  0.00000E+00  0.00000E+00  0.00000E+00  0.00000E+00  0.00000E+00  0.00000E+00  0.00000E+00  0.00000E+00  0.00000E+00  0.00000E+00
      0.720  0.58588E+05  0.56149E+05  0.53462E+05  0.52734E+05  0.50782E+05  0.48095E+05  0.47195E+05  0.47666E+05  0.49001E+05  0.50649E+05  0.51397E+05
      2.161  0.59142E+05  0.56027E+05  0.52596E+05  0.51666E+05  0.49174E+05  0.45742E+05  0.44586E+05  0.45149E+05  0.46744E+05  0.48713E+05  0.49658E+05
      3.602  0.89279E+05  0.81390E+05  0.72699E+05  0.70344E+05  0.64033E+05  0.55342E+05  0.52145E+05  0.51918E+05  0.51273E+05  0.50478E+05  0.50825E+05
      5.043  0.72624E+05  0.67482E+05  0.61819E+05  0.60284E+05  0.56171E+05  0.50508E+05  0.48510E+05  0.48887E+05  0.49955E+05  0.51273E+05  0.52135E+05
      6.484  0.67922E+05  0.63726E+05  0.59104E+05  0.57852E+05  0.54495E+05  0.49873E+05  0.48291E+05  0.48892E+05  0.50596E+05  0.52699E+05  0.53715E+05
      7.925  0.66511E+05  0.62683E+05  0.58467E+05  0.57324E+05  0.54262E+05  0.50046E+05  0.48638E+05  0.49405E+05  0.51581E+05  0.54266E+05  0.55360E+05
      9.366  0.68653E+05  0.64625E+05  0.60189E+05  0.58987E+05  0.55765E+05  0.51328E+05  0.49849E+05  0.50668E+05  0.52990E+05  0.55856E+05  0.56959E+05
     10.807  0.72711E+05  0.68052E+05  0.62920E+05  0.61530E+05  0.57803E+05  0.52671E+05  0.50947E+05  0.51810E+05  0.54261E+05  0.57284E+05  0.58499E+05
     12.247  0.76516E+05  0.71168E+05  0.65277E+05  0.63681E+05  0.59403E+05  0.53511E+05  0.51521E+05  0.52449E+05  0.55082E+05  0.58331E+05  0.59687E+05
     13.688  0.80383E+05  0.74417E+05  0.67845E+05  0.66065E+05  0.61292E+05  0.54721E+05  0.52461E+05  0.53255E+05  0.55506E+05  0.58285E+05  0.59750E+05
     15.129  0.61607E+05  0.59057E+05  0.56247E+05  0.55486E+05  0.53446E+05  0.50636E+05  0.49733E+05  0.50454E+05  0.52499E+05  0.55023E+05  0.56513E+05
     15.875  0.32618E+05  0.35750E+05  0.39200E+05  0.40134E+05  0.42640E+05  0.46090E+05  0.47457E+05  0.48149E+05  0.50113E+05  0.52536E+05  0.53969E+05
     16.275  0.25747E+05  0.30072E+05  0.34837E+05  0.36128E+05  0.39589E+05  0.44354E+05  0.46191E+05  0.46834E+05  0.48656E+05  0.50905E+05  0.52233E+05
     17.027  0.17361E+05  0.22632E+05  0.28440E+05  0.30013E+05  0.34230E+05  0.40037E+05  0.42273E+05  0.43036E+05  0.45200E+05  0.47871E+05  0.49353E+05
     17.779  0.11834E+05  0.16927E+05  0.22537E+05  0.24056E+05  0.28131E+05  0.33740E+05  0.35975E+05  0.37167E+05  0.40550E+05  0.44725E+05  0.46370E+05
     18.530  0.93105E+04  0.13634E+05  0.18397E+05  0.19688E+05  0.23147E+05  0.27910E+05  0.29921E+05  0.31635E+05  0.36496E+05  0.42495E+05  0.44356E+05
     19.282  0.89116E+04  0.12268E+05  0.15965E+05  0.16966E+05  0.19651E+05  0.23348E+05  0.25026E+05  0.27073E+05  0.32878E+05  0.40040E+05  0.42005E+05
     20.033  0.90065E+04  0.11677E+05  0.14619E+05  0.15416E+05  0.17553E+05  0.20495E+05  0.21915E+05  0.24061E+05  0.30150E+05  0.37663E+05  0.39686E+05
     20.785  0.89990E+04  0.11061E+05  0.13332E+05  0.13947E+05  0.15596E+05  0.17868E+05  0.19060E+05  0.21307E+05  0.27682E+05  0.35547E+05  0.37597E+05
     21.536  0.86518E+04  0.10229E+05  0.11966E+05  0.12436E+05  0.13698E+05  0.15435E+05  0.16450E+05  0.18801E+05  0.25471E+05  0.33700E+05  0.35526E+05
     22.288  0.78950E+04  0.90849E+04  0.10396E+05  0.10751E+05  0.11703E+05  0.13013E+05  0.13891E+05  0.16349E+05  0.23322E+05  0.31926E+05  0.33289E+05
     23.040  0.67360E+04  0.76130E+04  0.85790E+04  0.88407E+04  0.95423E+04  0.10508E+05  0.11283E+05  0.13874E+05  0.21224E+05  0.30294E+05  0.31393E+05
     23.791  0.51345E+04  0.57800E+04  0.64910E+04  0.66837E+04  0.72000E+04  0.79111E+04  0.86190E+04  0.11372E+05  0.19182E+05  0.28818E+05  0.29873E+05
     24.543  0.33811E+04  0.39563E+04  0.45900E+04  0.47617E+04  0.52219E+04  0.58555E+04  0.65528E+04  0.94129E+04  0.17526E+05  0.27537E+05  0.28557E+05
     25.294  0.14618E+04  0.21428E+04  0.28931E+04  0.30963E+04  0.36411E+04  0.43914E+04  0.51387E+04  0.80459E+04  0.16293E+05  0.26468E+05  0.27465E+05
     26.046  0.15869E+03  0.98166E+03  0.18882E+04  0.21338E+04  0.27922E+04  0.36987E+04  0.44940E+04  0.73466E+04  0.15438E+05  0.25422E+05  0.26370E+05
     26.797 -0.47671E+03  0.52729E+03  0.16333E+04  0.19329E+04  0.27361E+04  0.38421E+04  0.46829E+04  0.73706E+04  0.14994E+05  0.24401E+05  0.25270E+05
     27.549 -0.98827E+03  0.17142E+03  0.14489E+04  0.17950E+04  0.27227E+04  0.40002E+04  0.48765E+04  0.73993E+04  0.14555E+05  0.23385E+05  0.24183E+05
     28.301 -0.13667E+04 -0.78546E+02  0.13404E+04  0.17248E+04  0.27553E+04  0.41743E+04  0.50751E+04  0.74330E+04  0.14121E+05  0.22374E+05  0.23112E+05
     29.052 -0.17336E+04 -0.35923E+03  0.11547E+04  0.15649E+04  0.26644E+04  0.41784E+04  0.50924E+04  0.73196E+04  0.13637E+05  0.21433E+05  0.22114E+05
     29.804 -0.20883E+04 -0.67271E+03  0.88667E+03  0.13091E+04  0.24416E+04  0.40010E+04  0.49161E+04  0.70492E+04  0.13100E+05  0.20566E+05  0.21194E+05
     30.555 -0.22211E+04 -0.80068E+03  0.76401E+03  0.11879E+04  0.23242E+04  0.38889E+04  0.47919E+04  0.68387E+04  0.12645E+05  0.19809E+05  0.20358E+05
     31.307 -0.21189E+04 -0.73223E+03  0.79531E+03  0.12091E+04  0.23185E+04  0.38460E+04  0.47228E+04  0.66916E+04  0.12276E+05  0.19167E+05  0.19611E+05
     32.058 -0.17882E+04 -0.41309E+03  0.11017E+04  0.15121E+04  0.26122E+04  0.41270E+04  0.49830E+04  0.68529E+04  0.12157E+05  0.18702E+05  0.18987E+05
     32.810 -0.12174E+04  0.16950E+03  0.16973E+04  0.21111E+04  0.32206E+04  0.47484E+04  0.55894E+04  0.73385E+04  0.12300E+05  0.18422E+05  0.18491E+05
     33.562 -0.66431E+03  0.79730E+03  0.24074E+04  0.28436E+04  0.40129E+04  0.56229E+04  0.64735E+04  0.80983E+04  0.12707E+05  0.18394E+05  0.18192E+05
     34.313 -0.12975E+03  0.14723E+04  0.32370E+04  0.37151E+04  0.49967E+04  0.67615E+04  0.76474E+04  0.91441E+04  0.13390E+05  0.18628E+05  0.18099E+05
     35.065  0.29355E+03  0.20807E+04  0.40493E+04  0.45827E+04  0.60124E+04  0.79810E+04  0.89246E+04  0.10320E+05  0.14279E+05  0.19164E+05  0.18263E+05
     35.816  0.60169E+03  0.26202E+04  0.48437E+04  0.54461E+04  0.70609E+04  0.92844E+04  0.10309E+05  0.11631E+05  0.15383E+05  0.20012E+05  0.18692E+05
     36.568  0.13880E+04  0.35723E+04  0.59784E+04  0.66303E+04  0.83777E+04  0.10784E+05  0.11869E+05  0.13155E+05  0.16805E+05  0.21307E+05  0.19494E+05
     37.319  0.26655E+04  0.49482E+04  0.74627E+04  0.81439E+04  0.99700E+04  0.12485E+05  0.13609E+05  0.14897E+05  0.18552E+05  0.23061E+05  0.20679E+05
     38.071  0.43597E+04  0.67760E+04  0.94378E+04  0.10159E+05  0.12092E+05  0.14754E+05  0.15960E+05  0.17425E+05  0.21578E+05  0.26702E+05  0.23540E+05
     38.823  0.64786E+04  0.90646E+04  0.11913E+05  0.12685E+05  0.14754E+05  0.17602E+05  0.18935E+05  0.20752E+05  0.25906E+05  0.32266E+05  0.28108E+05
     39.574  0.79448E+04  0.10668E+05  0.13668E+05  0.14481E+05  0.16659E+05  0.19659E+05  0.21116E+05  0.23360E+05  0.29726E+05  0.37580E+05  0.32733E+05
     40.326  0.87508E+04  0.11579E+05  0.14694E+05  0.15538E+05  0.17800E+05  0.20915E+05  0.22496E+05  0.25242E+05  0.33031E+05  0.42642E+05  0.37416E+05
     41.077  0.91545E+04  0.12035E+05  0.15208E+05  0.16067E+05  0.18371E+05  0.21544E+05  0.23187E+05  0.26184E+05  0.34687E+05  0.45178E+05  0.39762E+05
     41.775  0.00000E+00  0.00000E+00  0.00000E+00  0.00000E+00  0.00000E+00  0.00000E+00  0.00000E+00  0.00000E+00  0.00000E+00  0.00000E+00  0.00000E+00
     42.418  0.00000E+00  0.00000E+00  0.00000E+00  0.00000E+00  0.00000E+00  0.00000E+00  0.00000E+00  0.00000E+00  0.00000E+00  0.00000E+00  0.00000E+00
     43.062  0.00000E+00  0.00000E+00  0.00000E+00  0.00000E+00  0.00000E+00  0.00000E+00  0.00000E+00  0.00000E+00  0.00000E+00  0.00000E+00  0.00000E+00
     43.706  0.00000E+00  0.00000E+00  0.00000E+00  0.00000E+00  0.00000E+00  0.00000E+00  0.00000E+00  0.00000E+00  0.00000E+00  0.00000E+00  0.00000E+00
     44.349  0.00000E+00  0.00000E+00  0.00000E+00  0.00000E+00  0.00000E+00  0.00000E+00  0.00000E+00  0.00000E+00  0.00000E+00  0.00000E+00  0.00000E+00
     44.993  0.00000E+00  0.00000E+00  0.00000E+00  0.00000E+00  0.00000E+00  0.00000E+00  0.00000E+00  0.00000E+00  0.00000E+00  0.00000E+00  0.00000E+00
     46.043  0.00000E+00  0.00000E+00  0.00000E+00  0.00000E+00  0.00000E+00  0.00000E+00  0.00000E+00  0.00000E+00  0.00000E+00  0.00000E+00  0.00000E+00
     47.499  0.00000E+00  0.00000E+00  0.00000E+00  0.00000E+00  0.00000E+00  0.00000E+00  0.00000E+00  0.00000E+00  0.00000E+00  0.00000E+00  0.00000E+00
     48.955  0.00000E+00  0.00000E+00  0.00000E+00  0.00000E+00  0.00000E+00  0.00000E+00  0.00000E+00  0.00000E+00  0.00000E+00  0.00000E+00  0.00000E+00
     50.412  0.00000E+00  0.00000E+00  0.00000E+00  0.00000E+00  0.00000E+00  0.00000E+00  0.00000E+00  0.00000E+00  0.00000E+00  0.00000E+00  0.00000E+00
     51.868  0.00000E+00  0.00000E+00  0.00000E+00  0.00000E+00  0.00000E+00  0.00000E+00  0.00000E+00  0.00000E+00  0.00000E+00  0.00000E+00  0.00000E+00
     53.324  0.00000E+00  0.00000E+00  0.00000E+00  0.00000E+00  0.00000E+00  0.00000E+00  0.00000E+00  0.00000E+00  0.00000E+00  0.00000E+00  0.00000E+00
     54.781  0.00000E+00  0.00000E+00  0.00000E+00  0.00000E+00  0.00000E+00  0.00000E+00  0.00000E+00  0.00000E+00  0.00000E+00  0.00000E+00  0.00000E+00
     56.237  0.00000E+00  0.00000E+00  0.00000E+00  0.00000E+00  0.00000E+00  0.00000E+00  0.00000E+00  0.00000E+00  0.00000E+00  0.00000E+00  0.00000E+00
     57.693  0.00000E+00  0.00000E+00  0.00000E+00  0.00000E+00  0.00000E+00  0.00000E+00  0.00000E+00  0.00000E+00  0.00000E+00  0.00000E+00  0.00000E+00
     59.150  0.00000E+00  0.00000E+00  0.00000E+00  0.00000E+00  0.00000E+00  0.00000E+00  0.00000E+00  0.00000E+00  0.00000E+00  0.00000E+00  0.00000E+00
     60.606  0.00000E+00  0.00000E+00  0.00000E+00  0.00000E+00  0.00000E+00  0.00000E+00  0.00000E+00  0.00000E+00  0.00000E+00  0.00000E+00  0.00000E+00
     62.062  0.00000E+00  0.00000E+00  0.00000E+00  0.00000E+00  0.00000E+00  0.00000E+00  0.00000E+00  0.00000E+00  0.00000E+00  0.00000E+00  0.00000E+00
     63.519  0.00000E+00  0.00000E+00  0.00000E+00  0.00000E+00  0.00000E+00  0.00000E+00  0.00000E+00  0.00000E+00  0.00000E+00  0.00000E+00  0.00000E+00
     64.975  0.00000E+00  0.00000E+00  0.00000E+00  0.00000E+00  0.00000E+00  0.00000E+00  0.00000E+00  0.00000E+00  0.00000E+00  0.00000E+00  0.00000E+00
     66.431  0.00000E+00  0.00000E+00  0.00000E+00  0.00000E+00  0.00000E+00  0.00000E+00  0.00000E+00  0.00000E+00  0.00000E+00  0.00000E+00  0.00000E+00
     67.237  0.00000E+00  0.00000E+00  0.00000E+00  0.00000E+00  0.00000E+00  0.00000E+00  0.00000E+00  0.00000E+00  0.00000E+00  0.00000E+00  0.00000E+00
     67.392  0.00000E+00  0.00000E+00  0.00000E+00  0.00000E+00  0.00000E+00  0.00000E+00  0.00000E+00  0.00000E+00  0.00000E+00  0.00000E+00  0.00000E+00
     67.970  0.00000E+00  0.00000E+00  0.00000E+00  0.00000E+00  0.00000E+00  0.00000E+00  0.00000E+00  0.00000E+00  0.00000E+00  0.00000E+00  0.00000E+00
     68.970  0.00000E+00  0.00000E+00  0.00000E+00  0.00000E+00  0.00000E+00  0.00000E+00  0.00000E+00  0.00000E+00  0.00000E+00  0.00000E+00  0.00000E+00
     69.970  0.00000E+00  0.00000E+00  0.00000E+00  0.00000E+00  0.00000E+00  0.00000E+00  0.00000E+00  0.00000E+00  0.00000E+00  0.00000E+00  0.00000E+00
     70.470  0.00000E+00  0.00000E+00  0.00000E+00  0.00000E+00  0.00000E+00  0.00000E+00  0.00000E+00  0.00000E+00  0.00000E+00  0.00000E+00  0.00000E+00

    x  /  y   8.4070       8.7118       9.0166       9.3214       9.6262       9.9310       10.007       10.287       10.541       10.769       11.128    
     -0.310  0.00000E+00  0.00000E+00  0.00000E+00  0.00000E+00  0.00000E+00  0.00000E+00  0.00000E+00  0.00000E+00  0.00000E+00  0.00000E+00  0.00000E+00
     -0.155  0.00000E+00  0.00000E+00  0.00000E+00  0.00000E+00  0.00000E+00  0.00000E+00  0.00000E+00  0.00000E+00  0.00000E+00  0.00000E+00  0.00000E+00
      0.720  0.52279E+05  0.53161E+05  0.54043E+05  0.46228E+05  0.32151E+05  0.18075E+05  0.14556E+05  0.16341E+04 -0.10078E+05 -0.20640E+05  0.00000E+00
      2.161  0.50798E+05  0.51939E+05  0.53079E+05  0.46013E+05  0.33038E+05  0.20064E+05  0.16820E+05  0.49100E+04 -0.58849E+04 -0.15620E+05  0.00000E+00
      3.602  0.51618E+05  0.52411E+05  0.53203E+05  0.47069E+05  0.35949E+05  0.24829E+05  0.22049E+05  0.11841E+05  0.25885E+04 -0.57552E+04  0.00000E+00
      5.043  0.53293E+05  0.54451E+05  0.55609E+05  0.50691E+05  0.41400E+05  0.32109E+05  0.29787E+05  0.21258E+05  0.13527E+05  0.65559E+04  0.00000E+00
      6.484  0.54946E+05  0.56176E+05  0.57407E+05  0.53326E+05  0.45422E+05  0.37519E+05  0.35543E+05  0.28288E+05  0.21712E+05  0.15782E+05  0.00000E+00
      7.925  0.56583E+05  0.57805E+05  0.59028E+05  0.54873E+05  0.46848E+05  0.38823E+05  0.36816E+05  0.29449E+05  0.22772E+05  0.16751E+05  0.00000E+00
      9.366  0.58150E+05  0.59341E+05  0.60533E+05  0.55438E+05  0.45820E+05  0.36201E+05  0.33796E+05  0.24966E+05  0.16963E+05  0.97460E+04  0.00000E+00
     10.807  0.59844E+05  0.61190E+05  0.62536E+05  0.55376E+05  0.42093E+05  0.28810E+05  0.25489E+05  0.13296E+05  0.22447E+04 -0.77218E+04  0.00000E+00
     12.247  0.61221E+05  0.62754E+05  0.64288E+05  0.55646E+05  0.39680E+05  0.23714E+05  0.19722E+05  0.50659E+04 -0.82181E+04 -0.20198E+05  0.00000E+00
     13.688  0.61588E+05  0.63426E+05  0.65264E+05  0.55101E+05  0.36299E+05  0.17498E+05  0.12798E+05 -0.44610E+04 -0.20104E+05 -0.34211E+05  0.00000E+00
     15.129  0.58454E+05  0.60396E+05  0.62337E+05  0.51033E+05  0.30195E+05  0.93570E+04  0.41475E+04 -0.14981E+05 -0.32319E+05 -0.47955E+05  0.00000E+00
     15.875  0.55839E+05  0.57708E+05  0.59577E+05  0.46918E+05  0.23801E+05  0.68475E+03 -0.50944E+04 -0.26315E+05 -0.45548E+05 -0.62893E+05  0.00000E+00
     16.275  0.53964E+05  0.55694E+05  0.57425E+05  0.44412E+05  0.20788E+05 -0.28362E+04 -0.87423E+04 -0.30429E+05 -0.50085E+05 -0.67811E+05  0.00000E+00
     17.027  0.51246E+05  0.53139E+05  0.55031E+05  0.43887E+05  0.23359E+05  0.28317E+04 -0.23002E+04 -0.21144E+05 -0.38224E+05 -0.53626E+05  0.00000E+00
     17.779  0.48174E+05  0.49978E+05  0.51782E+05  0.41112E+05  0.21464E+05  0.18157E+04 -0.30963E+04 -0.21133E+05 -0.37480E+05 -0.52223E+05  0.00000E+00
     18.530  0.46081E+05  0.47806E+05  0.49531E+05  0.39020E+05  0.19702E+05  0.38380E+03 -0.44458E+04 -0.22180E+05 -0.38253E+05 -0.52748E+05  0.00000E+00
     19.282  0.43622E+05  0.45240E+05  0.46858E+05  0.35970E+05  0.16079E+05 -0.38113E+04 -0.87839E+04 -0.27043E+05 -0.43592E+05 -0.58517E+05  0.00000E+00
     20.033  0.41319E+05  0.42952E+05  0.44584E+05  0.33910E+05  0.14378E+05 -0.51542E+04 -0.10037E+05 -0.27967E+05 -0.44218E+05 -0.58874E+05  0.00000E+00
     20.785  0.39188E+05  0.40780E+05  0.42371E+05  0.32631E+05  0.14736E+05 -0.31590E+04 -0.76328E+04 -0.24060E+05 -0.38949E+05 -0.52377E+05  0.00000E+00
     21.536  0.36642E+05  0.37758E+05  0.38875E+05  0.29599E+05  0.12844E+05 -0.39111E+04 -0.80998E+04 -0.23481E+05 -0.37421E+05 -0.49993E+05  0.00000E+00
     22.288  0.33518E+05  0.33748E+05  0.33977E+05  0.24620E+05  0.83629E+04 -0.78940E+04 -0.11958E+05 -0.26882E+05 -0.40408E+05 -0.52606E+05  0.00000E+00
     23.040  0.31055E+05  0.30716E+05  0.30378E+05  0.20817E+05  0.46180E+04 -0.11581E+05 -0.15631E+05 -0.30501E+05 -0.43979E+05 -0.56133E+05  0.00000E+00
     23.791  0.29318E+05  0.28763E+05  0.28208E+05  0.18309E+05  0.16832E+04 -0.14942E+05 -0.19099E+05 -0.34361E+05 -0.48193E+05 -0.60668E+05  0.00000E+00
     24.543  0.27851E+05  0.27145E+05  0.26439E+05  0.16143E+05 -0.10565E+04 -0.18255E+05 -0.22555E+05 -0.38344E+05 -0.52653E+05 -0.65558E+05  0.00000E+00
     25.294  0.26679E+05  0.25893E+05  0.25106E+05  0.14350E+05 -0.35831E+04 -0.21516E+05 -0.25999E+05 -0.42461E+05 -0.57382E+05 -0.70838E+05  0.00000E+00
     26.046  0.25545E+05  0.24720E+05  0.23894E+05  0.12646E+05 -0.61040E+04 -0.24854E+05 -0.29542E+05 -0.46754E+05 -0.62355E+05 -0.76424E+05  0.00000E+00
     26.797  0.24451E+05  0.23632E+05  0.22813E+05  0.11039E+05 -0.86187E+04 -0.28277E+05 -0.33191E+05 -0.51237E+05 -0.67593E+05 -0.82343E+05  0.00000E+00
     27.549  0.23386E+05  0.22588E+05  0.21790E+05  0.94821E+04 -0.11111E+05 -0.31705E+05 -0.36853E+05 -0.55757E+05 -0.72891E+05 -0.88343E+05  0.00000E+00
     28.301  0.22352E+05  0.21592E+05  0.20832E+05  0.79780E+04 -0.13580E+05 -0.35138E+05 -0.40528E+05 -0.60318E+05 -0.78255E+05 -0.94430E+05  0.00000E+00
     29.052  0.21368E+05  0.20623E+05  0.19878E+05  0.65247E+04 -0.15903E+05 -0.38331E+05 -0.43938E+05 -0.64526E+05 -0.83186E+05 -0.10001E+06  0.00000E+00
     29.804  0.20439E+05  0.19684E+05  0.18929E+05  0.51254E+04 -0.18070E+05 -0.41266E+05 -0.47065E+05 -0.68358E+05 -0.87658E+05 -0.10506E+06  0.00000E+00
     30.555  0.19543E+05  0.18727E+05  0.17912E+05  0.37383E+04 -0.20050E+05 -0.43839E+05 -0.49786E+05 -0.71623E+05 -0.91416E+05 -0.10926E+06  0.00000E+00
     31.307  0.18682E+05  0.17752E+05  0.16822E+05  0.23642E+04 -0.21831E+05 -0.46027E+05 -0.52076E+05 -0.74287E+05 -0.94418E+05 -0.11257E+06  0.00000E+00
     32.058  0.17868E+05  0.16750E+05  0.15631E+05  0.93383E+03 -0.23537E+05 -0.48008E+05 -0.54126E+05 -0.76590E+05 -0.96951E+05 -0.11531E+06  0.00000E+00
     32.810  0.17105E+05  0.15719E+05  0.14334E+05 -0.55564E+03 -0.25164E+05 -0.49772E+05 -0.55925E+05 -0.78515E+05 -0.98989E+05 -0.11745E+06  0.00000E+00
     33.562  0.16448E+05  0.14704E+05  0.12960E+05 -0.21130E+04 -0.26779E+05 -0.51445E+05 -0.57612E+05 -0.80254E+05 -0.10078E+06 -0.11928E+06  0.00000E+00
     34.313  0.15901E+05  0.13704E+05  0.11506E+05 -0.37411E+04 -0.28382E+05 -0.53022E+05 -0.59182E+05 -0.81802E+05 -0.10230E+06 -0.12079E+06  0.00000E+00
     35.065  0.15512E+05  0.12761E+05  0.10010E+05 -0.54393E+04 -0.30028E+05 -0.54617E+05 -0.60764E+05 -0.83336E+05 -0.10379E+06 -0.12224E+06  0.00000E+00
     35.816  0.15284E+05  0.11876E+05  0.84684E+04 -0.72101E+04 -0.31720E+05 -0.56231E+05 -0.62358E+05 -0.84858E+05 -0.10525E+06 -0.12364E+06  0.00000E+00
     36.568  0.15270E+05  0.11046E+05  0.68214E+04 -0.91541E+04 -0.33588E+05 -0.58021E+05 -0.64130E+05 -0.86559E+05 -0.10689E+06 -0.12522E+06  0.00000E+00
     37.319  0.15475E+05  0.10270E+05  0.50661E+04 -0.11276E+05 -0.35635E+05 -0.59994E+05 -0.66084E+05 -0.88444E+05 -0.10871E+06 -0.12699E+06  0.00000E+00
     38.071  0.16843E+05  0.10145E+05  0.34481E+04 -0.13431E+05 -0.37638E+05 -0.61845E+05 -0.67896E+05 -0.90118E+05 -0.11026E+06 -0.12842E+06  0.00000E+00
     38.823  0.19396E+05  0.10683E+05  0.19701E+04 -0.15618E+05 -0.39595E+05 -0.63571E+05 -0.69566E+05 -0.91576E+05 -0.11152E+06 -0.12951E+06  0.00000E+00
     39.574  0.22469E+05  0.12204E+05  0.19387E+04 -0.16111E+05 -0.39765E+05 -0.63419E+05 -0.69332E+05 -0.91046E+05 -0.11073E+06 -0.12847E+06  0.00000E+00
     40.326  0.26068E+05  0.14719E+05  0.33706E+04 -0.14891E+05 -0.38128E+05 -0.61365E+05 -0.67175E+05 -0.88506E+05 -0.10784E+06 -0.12528E+06  0.00000E+00
     41.077  0.27871E+05  0.15979E+05  0.40879E+04 -0.14280E+05 -0.37308E+05 -0.60337E+05 -0.66094E+05 -0.87234E+05 -0.10639E+06 -0.12367E+06  0.00000E+00
     41.775  0.00000E+00  0.00000E+00  0.00000E+00  0.00000E+00  0.00000E+00  0.00000E+00  0.00000E+00  0.00000E+00  0.00000E+00  0.00000E+00  0.00000E+00
     42.418  0.00000E+00  0.00000E+00  0.00000E+00  0.00000E+00  0.00000E+00  0.00000E+00  0.00000E+00  0.00000E+00  0.00000E+00  0.00000E+00  0.00000E+00
     43.062  0.00000E+00  0.00000E+00  0.00000E+00  0.00000E+00  0.00000E+00  0.00000E+00  0.00000E+00  0.00000E+00  0.00000E+00  0.00000E+00  0.00000E+00
     43.706  0.00000E+00  0.00000E+00  0.00000E+00  0.00000E+00  0.00000E+00  0.00000E+00  0.00000E+00  0.00000E+00  0.00000E+00  0.00000E+00  0.00000E+00
     44.349  0.00000E+00  0.00000E+00  0.00000E+00  0.00000E+00  0.00000E+00  0.00000E+00  0.00000E+00  0.00000E+00  0.00000E+00  0.00000E+00  0.00000E+00
     44.993  0.00000E+00  0.00000E+00  0.00000E+00  0.00000E+00  0.00000E+00  0.00000E+00  0.00000E+00  0.00000E+00  0.00000E+00  0.00000E+00  0.00000E+00
     46.043  0.00000E+00  0.00000E+00  0.00000E+00  0.00000E+00  0.00000E+00  0.00000E+00  0.00000E+00  0.00000E+00  0.00000E+00  0.00000E+00  0.00000E+00
     47.499  0.00000E+00  0.00000E+00  0.00000E+00  0.00000E+00  0.00000E+00  0.00000E+00  0.00000E+00  0.00000E+00  0.00000E+00  0.00000E+00  0.00000E+00
     48.955  0.00000E+00  0.00000E+00  0.00000E+00  0.00000E+00  0.00000E+00  0.00000E+00  0.00000E+00  0.00000E+00  0.00000E+00  0.00000E+00  0.00000E+00
     50.412  0.00000E+00  0.00000E+00  0.00000E+00  0.00000E+00  0.00000E+00  0.00000E+00  0.00000E+00  0.00000E+00  0.00000E+00  0.00000E+00  0.00000E+00
     51.868  0.00000E+00  0.00000E+00  0.00000E+00  0.00000E+00  0.00000E+00  0.00000E+00  0.00000E+00  0.00000E+00  0.00000E+00  0.00000E+00  0.00000E+00
     53.324  0.00000E+00  0.00000E+00  0.00000E+00  0.00000E+00  0.00000E+00  0.00000E+00  0.00000E+00  0.00000E+00  0.00000E+00  0.00000E+00  0.00000E+00
     54.781  0.00000E+00  0.00000E+00  0.00000E+00  0.00000E+00  0.00000E+00  0.00000E+00  0.00000E+00  0.00000E+00  0.00000E+00  0.00000E+00  0.00000E+00
     56.237  0.00000E+00  0.00000E+00  0.00000E+00  0.00000E+00  0.00000E+00  0.00000E+00  0.00000E+00  0.00000E+00  0.00000E+00  0.00000E+00  0.00000E+00
     57.693  0.00000E+00  0.00000E+00  0.00000E+00  0.00000E+00  0.00000E+00  0.00000E+00  0.00000E+00  0.00000E+00  0.00000E+00  0.00000E+00  0.00000E+00
     59.150  0.00000E+00  0.00000E+00  0.00000E+00  0.00000E+00  0.00000E+00  0.00000E+00  0.00000E+00  0.00000E+00  0.00000E+00  0.00000E+00  0.00000E+00
     60.606  0.00000E+00  0.00000E+00  0.00000E+00  0.00000E+00  0.00000E+00  0.00000E+00  0.00000E+00  0.00000E+00  0.00000E+00  0.00000E+00  0.00000E+00
     62.062  0.00000E+00  0.00000E+00  0.00000E+00  0.00000E+00  0.00000E+00  0.00000E+00  0.00000E+00  0.00000E+00  0.00000E+00  0.00000E+00  0.00000E+00
     63.519  0.00000E+00  0.00000E+00  0.00000E+00  0.00000E+00  0.00000E+00  0.00000E+00  0.00000E+00  0.00000E+00  0.00000E+00  0.00000E+00  0.00000E+00
     64.975  0.00000E+00  0.00000E+00  0.00000E+00  0.00000E+00  0.00000E+00  0.00000E+00  0.00000E+00  0.00000E+00  0.00000E+00  0.00000E+00  0.00000E+00
     66.431  0.00000E+00  0.00000E+00  0.00000E+00  0.00000E+00  0.00000E+00  0.00000E+00  0.00000E+00  0.00000E+00  0.00000E+00  0.00000E+00  0.00000E+00
     67.237  0.00000E+00  0.00000E+00  0.00000E+00  0.00000E+00  0.00000E+00  0.00000E+00  0.00000E+00  0.00000E+00  0.00000E+00  0.00000E+00  0.00000E+00
     67.392  0.00000E+00  0.00000E+00  0.00000E+00  0.00000E+00  0.00000E+00  0.00000E+00  0.00000E+00  0.00000E+00  0.00000E+00  0.00000E+00  0.00000E+00
     67.970  0.00000E+00  0.00000E+00  0.00000E+00  0.00000E+00  0.00000E+00  0.00000E+00  0.00000E+00  0.00000E+00  0.00000E+00  0.00000E+00  0.00000E+00
     68.970  0.00000E+00  0.00000E+00  0.00000E+00  0.00000E+00  0.00000E+00  0.00000E+00  0.00000E+00  0.00000E+00  0.00000E+00  0.00000E+00  0.00000E+00
     69.970  0.00000E+00  0.00000E+00  0.00000E+00  0.00000E+00  0.00000E+00  0.00000E+00  0.00000E+00  0.00000E+00  0.00000E+00  0.00000E+00  0.00000E+00
     70.470  0.00000E+00  0.00000E+00  0.00000E+00  0.00000E+00  0.00000E+00  0.00000E+00  0.00000E+00  0.00000E+00  0.00000E+00  0.00000E+00  0.00000E+00

    x  /  y   11.283    
     -0.310  0.00000E+00
     -0.155  0.00000E+00
      0.720  0.00000E+00
      2.161  0.00000E+00
      3.602  0.00000E+00
      5.043  0.00000E+00
      6.484  0.00000E+00
      7.925  0.00000E+00
      9.366  0.00000E+00
     10.807  0.00000E+00
     12.247  0.00000E+00
     13.688  0.00000E+00
     15.129  0.00000E+00
     15.875  0.00000E+00
     16.275  0.00000E+00
     17.027  0.00000E+00
     17.779  0.00000E+00
     18.530  0.00000E+00
     19.282  0.00000E+00
     20.033  0.00000E+00
     20.785  0.00000E+00
     21.536  0.00000E+00
     22.288  0.00000E+00
     23.040  0.00000E+00
     23.791  0.00000E+00
     24.543  0.00000E+00
     25.294  0.00000E+00
     26.046  0.00000E+00
     26.797  0.00000E+00
     27.549  0.00000E+00
     28.301  0.00000E+00
     29.052  0.00000E+00
     29.804  0.00000E+00
     30.555  0.00000E+00
     31.307  0.00000E+00
     32.058  0.00000E+00
     32.810  0.00000E+00
     33.562  0.00000E+00
     34.313  0.00000E+00
     35.065  0.00000E+00
     35.816  0.00000E+00
     36.568  0.00000E+00
     37.319  0.00000E+00
     38.071  0.00000E+00
     38.823  0.00000E+00
     39.574  0.00000E+00
     40.326  0.00000E+00
     41.077  0.00000E+00
     41.775  0.00000E+00
     42.418  0.00000E+00
     43.062  0.00000E+00
     43.706  0.00000E+00
     44.349  0.00000E+00
     44.993  0.00000E+00
     46.043  0.00000E+00
     47.499  0.00000E+00
     48.955  0.00000E+00
     50.412  0.00000E+00
     51.868  0.00000E+00
     53.324  0.00000E+00
     54.781  0.00000E+00
     56.237  0.00000E+00
     57.693  0.00000E+00
     59.150  0.00000E+00
     60.606  0.00000E+00
     62.062  0.00000E+00
     63.519  0.00000E+00
     64.975  0.00000E+00
     66.431  0.00000E+00
     67.237  0.00000E+00
     67.392  0.00000E+00
     67.970  0.00000E+00
     68.970  0.00000E+00
     69.970  0.00000E+00
     70.470  0.00000E+00
