   13886655.8002570        input qc_tot_r
   404114.535914082        maximum flux input value
  -170514.459403222        minimum flux input value
        
   13162679.2821234        adjusted total qrs_r
   383046.149194736        maximum flux adjusted value
  -161624.740641135        minimum flux adjusted value

         adjusted surface radiation heat flux (W/m**2)

    x  /  y -0.31000     -0.15500      0.22860      0.48220      0.71080      0.99060       1.0918       1.3966       1.7014       2.0080       2.3145    
     -0.310  0.00000E+00  0.00000E+00  0.00000E+00  0.00000E+00  0.00000E+00  0.00000E+00  0.00000E+00  0.00000E+00  0.00000E+00  0.00000E+00  0.00000E+00
     -0.155  0.00000E+00  0.00000E+00  0.00000E+00  0.00000E+00  0.00000E+00  0.00000E+00  0.00000E+00  0.00000E+00  0.00000E+00  0.00000E+00  0.00000E+00
      0.720  0.00000E+00  0.00000E+00  0.49119E+05  0.57793E+05  0.65613E+05  0.65618E+05  0.64952E+05  0.62945E+05  0.60938E+05  0.60451E+05  0.67845E+05
      2.161  0.00000E+00  0.00000E+00  0.64333E+05  0.68490E+05  0.72238E+05  0.70579E+05  0.69543E+05  0.66422E+05  0.63301E+05  0.62132E+05  0.71101E+05
      3.602  0.00000E+00  0.00000E+00  0.59676E+05  0.60721E+05  0.61662E+05  0.61177E+05  0.60888E+05  0.60015E+05  0.59142E+05  0.60111E+05  0.70587E+05
      5.043  0.00000E+00  0.00000E+00  0.75385E+05  0.72605E+05  0.70098E+05  0.66444E+05  0.65082E+05  0.60978E+05  0.56875E+05  0.55263E+05  0.66591E+05
      6.484  0.00000E+00  0.00000E+00  0.52791E+05  0.52741E+05  0.52696E+05  0.50250E+05  0.49199E+05  0.46031E+05  0.42864E+05  0.42182E+05  0.54378E+05
      7.925  0.00000E+00  0.00000E+00  0.42460E+05  0.41627E+05  0.40877E+05  0.37505E+05  0.36113E+05  0.31923E+05  0.27733E+05  0.26349E+05  0.39524E+05
      9.366  0.00000E+00  0.00000E+00  0.34882E+05  0.34337E+05  0.33846E+05  0.30338E+05  0.28866E+05  0.24433E+05  0.20000E+05  0.18527E+05  0.32420E+05
     10.807  0.00000E+00  0.00000E+00  0.16601E+05  0.23083E+05  0.28927E+05  0.26760E+05  0.25325E+05  0.21004E+05  0.16683E+05  0.15353E+05  0.29548E+05
     12.247  0.00000E+00  0.00000E+00  0.15073E+05  0.18965E+05  0.22473E+05  0.20681E+05  0.19608E+05  0.16376E+05  0.13144E+05  0.12482E+05  0.25139E+05
     13.688  0.00000E+00  0.00000E+00 -0.91309E+04 -0.26780E+04  0.31387E+04  0.23378E+04  0.14949E+04 -0.10439E+04 -0.35827E+04 -0.38067E+04  0.79546E+04
     15.129  0.00000E+00  0.00000E+00  0.12334E+04 -0.22006E+04 -0.52961E+04 -0.80728E+04 -0.90064E+04 -0.11818E+05 -0.14630E+05 -0.15556E+05 -0.66920E+04
     15.875  0.00000E+00  0.00000E+00 -0.18921E+05 -0.19318E+05 -0.19676E+05 -0.19793E+05 -0.19813E+05 -0.19873E+05 -0.19933E+05 -0.18823E+05 -0.11688E+05
     16.275  0.00000E+00  0.00000E+00 -0.34825E+05 -0.30253E+05 -0.26131E+05 -0.24542E+05 -0.24208E+05 -0.23204E+05 -0.22199E+05 -0.20299E+05 -0.13821E+05
     17.027  0.00000E+00  0.00000E+00 -0.30679E+05 -0.30480E+05 -0.30300E+05 -0.29148E+05 -0.28667E+05 -0.27217E+05 -0.25767E+05 -0.23560E+05 -0.17503E+05
     17.779  0.00000E+00  0.00000E+00 -0.27908E+05 -0.27402E+05 -0.26947E+05 -0.25956E+05 -0.25568E+05 -0.24398E+05 -0.23227E+05 -0.21373E+05 -0.16032E+05
     18.530  0.00000E+00  0.00000E+00 -0.13665E+05 -0.17371E+05 -0.20711E+05 -0.20863E+05 -0.20644E+05 -0.19982E+05 -0.19320E+05 -0.18011E+05 -0.13393E+05
     19.282  0.00000E+00  0.00000E+00 -0.26161E+05 -0.22134E+05 -0.18504E+05 -0.16905E+05 -0.16525E+05 -0.15382E+05 -0.14239E+05 -0.12664E+05 -0.88999E+04
     20.033  0.00000E+00  0.00000E+00 -0.17436E+05 -0.13145E+05 -0.92766E+04 -0.81302E+04 -0.79662E+04 -0.74723E+04 -0.69784E+04 -0.61748E+04 -0.37919E+04
     20.785  0.00000E+00  0.00000E+00 -0.52535E+04 -0.31117E+04 -0.11810E+04 -0.12640E+04 -0.14649E+04 -0.20699E+04 -0.26749E+04 -0.29355E+04 -0.14060E+04
     21.536  0.00000E+00  0.00000E+00  0.14824E+04  0.25384E+04  0.34902E+04  0.26886E+04  0.22614E+04  0.97446E+03 -0.31245E+03 -0.12295E+04 -0.20554E+03
     22.288  0.00000E+00  0.00000E+00  0.90017E+03  0.26764E+04  0.42776E+04  0.35019E+04  0.30303E+04  0.16100E+04  0.18958E+03 -0.87344E+03 -0.55798E+02
     23.040  0.00000E+00  0.00000E+00  0.26516E+03  0.24604E+04  0.44392E+04  0.36625E+04  0.31581E+04  0.16390E+04  0.11988E+03 -0.10587E+04 -0.44017E+03
     23.791  0.00000E+00  0.00000E+00 -0.42786E+03  0.18549E+04  0.39126E+04  0.31049E+04  0.25805E+04  0.10008E+04 -0.57880E+03 -0.18395E+04 -0.14121E+04
     24.543  0.00000E+00  0.00000E+00 -0.96965E+03  0.13428E+04  0.34273E+04  0.25753E+04  0.20294E+04  0.38539E+03 -0.12587E+04 -0.26191E+04 -0.24718E+04
     25.294  0.00000E+00  0.00000E+00 -0.13463E+04  0.93262E+03  0.29869E+04  0.20761E+04  0.15075E+04 -0.20526E+03 -0.19180E+04 -0.33976E+04 -0.36271E+04
     26.046  0.00000E+00  0.00000E+00 -0.16322E+04  0.55931E+03  0.25348E+04  0.15761E+04  0.99354E+03 -0.76113E+03 -0.25158E+04 -0.40788E+04 -0.46039E+04
     26.797  0.00000E+00  0.00000E+00 -0.18197E+04  0.22594E+03  0.20699E+04  0.10752E+04  0.48833E+03 -0.12793E+04 -0.30469E+04 -0.46547E+04 -0.53873E+04
     27.549  0.00000E+00  0.00000E+00 -0.19282E+04 -0.58527E+02  0.16268E+04  0.58503E+03 -0.86078E+01 -0.17966E+04 -0.35845E+04 -0.52447E+04 -0.61944E+04
     28.301  0.00000E+00  0.00000E+00 -0.19516E+04 -0.29040E+03  0.12070E+04  0.10635E+03 -0.49666E+03 -0.23128E+04 -0.41290E+04 -0.58499E+04 -0.70270E+04
     29.052  0.00000E+00  0.00000E+00 -0.19806E+04 -0.52254E+03  0.79180E+03 -0.32024E+03 -0.91250E+03 -0.26963E+04 -0.44801E+04 -0.62242E+04 -0.77118E+04
     29.804  0.00000E+00  0.00000E+00 -0.20156E+04 -0.75495E+03  0.38139E+03 -0.69126E+03 -0.12513E+04 -0.29380E+04 -0.46248E+04 -0.63522E+04 -0.82390E+04
     30.555  0.00000E+00  0.00000E+00 -0.21322E+04 -0.98654E+03  0.46148E+02 -0.10141E+04 -0.15599E+04 -0.32039E+04 -0.48478E+04 -0.65824E+04 -0.87349E+04
     31.307  0.00000E+00  0.00000E+00 -0.23352E+04 -0.12172E+04 -0.20951E+03 -0.12860E+04 -0.18366E+04 -0.34952E+04 -0.51538E+04 -0.69210E+04 -0.91978E+04
     32.058  0.00000E+00  0.00000E+00 -0.26616E+04 -0.15073E+04 -0.46668E+03 -0.15299E+04 -0.20776E+04 -0.37274E+04 -0.53772E+04 -0.71591E+04 -0.95721E+04
     32.810  0.00000E+00  0.00000E+00 -0.31178E+04 -0.18596E+04 -0.72545E+03 -0.17444E+04 -0.22810E+04 -0.38974E+04 -0.55137E+04 -0.72917E+04 -0.98534E+04
     33.562  0.00000E+00  0.00000E+00 -0.38057E+04 -0.24102E+04 -0.11523E+04 -0.20699E+04 -0.25734E+04 -0.40900E+04 -0.56066E+04 -0.73186E+04 -0.99916E+04
     34.313  0.00000E+00  0.00000E+00 -0.47353E+04 -0.31675E+04 -0.17543E+04 -0.25112E+04 -0.29586E+04 -0.43063E+04 -0.56539E+04 -0.72355E+04 -0.99807E+04
     35.065  0.00000E+00  0.00000E+00 -0.53881E+04 -0.39134E+04 -0.25840E+04 -0.31902E+04 -0.35655E+04 -0.46957E+04 -0.58259E+04 -0.72116E+04 -0.98778E+04
     35.816  0.00000E+00  0.00000E+00 -0.57546E+04 -0.46473E+04 -0.36491E+04 -0.41151E+04 -0.44016E+04 -0.52642E+04 -0.61269E+04 -0.72490E+04 -0.96799E+04
     36.568  0.00000E+00  0.00000E+00 -0.62708E+04 -0.54037E+04 -0.46221E+04 -0.50112E+04 -0.52459E+04 -0.59527E+04 -0.66596E+04 -0.75849E+04 -0.96131E+04
     37.319  0.00000E+00  0.00000E+00 -0.69407E+04 -0.61833E+04 -0.55005E+04 -0.58775E+04 -0.60986E+04 -0.67644E+04 -0.74302E+04 -0.82274E+04 -0.96807E+04
     38.071  0.00000E+00  0.00000E+00 -0.72980E+04 -0.66638E+04 -0.60922E+04 -0.64582E+04 -0.66650E+04 -0.72879E+04 -0.79107E+04 -0.85968E+04 -0.95895E+04
     38.823  0.00000E+00  0.00000E+00 -0.73367E+04 -0.68397E+04 -0.63917E+04 -0.67477E+04 -0.69396E+04 -0.75177E+04 -0.80957E+04 -0.86880E+04 -0.93365E+04
     39.574  0.00000E+00  0.00000E+00 -0.66586E+04 -0.65214E+04 -0.63976E+04 -0.67745E+04 -0.69477E+04 -0.74695E+04 -0.79912E+04 -0.85001E+04 -0.89278E+04
     40.326  0.00000E+00  0.00000E+00 -0.52558E+04 -0.57033E+04 -0.61066E+04 -0.65357E+04 -0.66863E+04 -0.71401E+04 -0.75939E+04 -0.80300E+04 -0.83618E+04
     41.077  0.00000E+00  0.00000E+00 -0.45533E+04 -0.52936E+04 -0.59609E+04 -0.64161E+04 -0.65554E+04 -0.69752E+04 -0.73949E+04 -0.77946E+04 -0.80783E+04
     41.775  0.00000E+00  0.00000E+00  0.00000E+00  0.00000E+00  0.00000E+00  0.00000E+00  0.00000E+00  0.00000E+00  0.00000E+00  0.00000E+00  0.00000E+00
     42.418  0.00000E+00  0.00000E+00  0.00000E+00  0.00000E+00  0.00000E+00  0.00000E+00  0.00000E+00  0.00000E+00  0.00000E+00  0.00000E+00  0.00000E+00
     43.062  0.00000E+00  0.00000E+00  0.00000E+00  0.00000E+00  0.00000E+00  0.00000E+00  0.00000E+00  0.00000E+00  0.00000E+00  0.00000E+00  0.00000E+00
     43.706  0.00000E+00  0.00000E+00  0.00000E+00  0.00000E+00  0.00000E+00  0.00000E+00  0.00000E+00  0.00000E+00  0.00000E+00  0.00000E+00  0.00000E+00
     44.349  0.00000E+00  0.00000E+00  0.00000E+00  0.00000E+00  0.00000E+00  0.00000E+00  0.00000E+00  0.00000E+00  0.00000E+00  0.00000E+00  0.00000E+00
     44.993  0.00000E+00  0.00000E+00  0.00000E+00  0.00000E+00  0.00000E+00  0.00000E+00  0.00000E+00  0.00000E+00  0.00000E+00  0.00000E+00  0.00000E+00
     46.043  0.00000E+00  0.00000E+00  0.00000E+00  0.00000E+00  0.00000E+00  0.00000E+00  0.00000E+00  0.00000E+00  0.00000E+00  0.00000E+00  0.00000E+00
     47.499  0.00000E+00  0.00000E+00  0.00000E+00  0.00000E+00  0.00000E+00  0.00000E+00  0.00000E+00  0.00000E+00  0.00000E+00  0.00000E+00  0.00000E+00
     48.955  0.00000E+00  0.00000E+00  0.00000E+00  0.00000E+00  0.00000E+00  0.00000E+00  0.00000E+00  0.00000E+00  0.00000E+00  0.00000E+00  0.00000E+00
     50.412  0.00000E+00  0.00000E+00  0.00000E+00  0.00000E+00  0.00000E+00  0.00000E+00  0.00000E+00  0.00000E+00  0.00000E+00  0.00000E+00  0.00000E+00
     51.868  0.00000E+00  0.00000E+00  0.00000E+00  0.00000E+00  0.00000E+00  0.00000E+00  0.00000E+00  0.00000E+00  0.00000E+00  0.00000E+00  0.00000E+00
     53.324  0.00000E+00  0.00000E+00  0.00000E+00  0.00000E+00  0.00000E+00  0.00000E+00  0.00000E+00  0.00000E+00  0.00000E+00  0.00000E+00  0.00000E+00
     54.781  0.00000E+00  0.00000E+00  0.00000E+00  0.00000E+00  0.00000E+00  0.00000E+00  0.00000E+00  0.00000E+00  0.00000E+00  0.00000E+00  0.00000E+00
     56.237  0.00000E+00  0.00000E+00  0.00000E+00  0.00000E+00  0.00000E+00  0.00000E+00  0.00000E+00  0.00000E+00  0.00000E+00  0.00000E+00  0.00000E+00
     57.693  0.00000E+00  0.00000E+00  0.00000E+00  0.00000E+00  0.00000E+00  0.00000E+00  0.00000E+00  0.00000E+00  0.00000E+00  0.00000E+00  0.00000E+00
     59.150  0.00000E+00  0.00000E+00  0.00000E+00  0.00000E+00  0.00000E+00  0.00000E+00  0.00000E+00  0.00000E+00  0.00000E+00  0.00000E+00  0.00000E+00
     60.606  0.00000E+00  0.00000E+00  0.00000E+00  0.00000E+00  0.00000E+00  0.00000E+00  0.00000E+00  0.00000E+00  0.00000E+00  0.00000E+00  0.00000E+00
     62.062  0.00000E+00  0.00000E+00  0.00000E+00  0.00000E+00  0.00000E+00  0.00000E+00  0.00000E+00  0.00000E+00  0.00000E+00  0.00000E+00  0.00000E+00
     63.519  0.00000E+00  0.00000E+00  0.00000E+00  0.00000E+00  0.00000E+00  0.00000E+00  0.00000E+00  0.00000E+00  0.00000E+00  0.00000E+00  0.00000E+00
     64.975  0.00000E+00  0.00000E+00  0.00000E+00  0.00000E+00  0.00000E+00  0.00000E+00  0.00000E+00  0.00000E+00  0.00000E+00  0.00000E+00  0.00000E+00
     66.431  0.00000E+00  0.00000E+00  0.00000E+00  0.00000E+00  0.00000E+00  0.00000E+00  0.00000E+00  0.00000E+00  0.00000E+00  0.00000E+00  0.00000E+00
     67.237  0.00000E+00  0.00000E+00  0.00000E+00  0.00000E+00  0.00000E+00  0.00000E+00  0.00000E+00  0.00000E+00  0.00000E+00  0.00000E+00  0.00000E+00
     67.392  0.00000E+00  0.00000E+00  0.00000E+00  0.00000E+00  0.00000E+00  0.00000E+00  0.00000E+00  0.00000E+00  0.00000E+00  0.00000E+00  0.00000E+00
     67.970  0.00000E+00  0.00000E+00  0.00000E+00  0.00000E+00  0.00000E+00  0.00000E+00  0.00000E+00  0.00000E+00  0.00000E+00  0.00000E+00  0.00000E+00
     68.970  0.00000E+00  0.00000E+00  0.00000E+00  0.00000E+00  0.00000E+00  0.00000E+00  0.00000E+00  0.00000E+00  0.00000E+00  0.00000E+00  0.00000E+00
     69.970  0.00000E+00  0.00000E+00  0.00000E+00  0.00000E+00  0.00000E+00  0.00000E+00  0.00000E+00  0.00000E+00  0.00000E+00  0.00000E+00  0.00000E+00
     70.470  0.00000E+00  0.00000E+00  0.00000E+00  0.00000E+00  0.00000E+00  0.00000E+00  0.00000E+00  0.00000E+00  0.00000E+00  0.00000E+00  0.00000E+00

    x  /  y   2.6176       2.9206       3.1493       3.6577       4.1148       4.2922       4.3938       4.6736       4.9018       4.9526       5.2324    
     -0.310  0.00000E+00  0.00000E+00  0.00000E+00  0.00000E+00  0.00000E+00  0.00000E+00  0.00000E+00  0.00000E+00  0.00000E+00  0.00000E+00  0.00000E+00
     -0.155  0.00000E+00  0.00000E+00  0.00000E+00  0.00000E+00  0.00000E+00  0.00000E+00  0.00000E+00  0.00000E+00  0.00000E+00  0.00000E+00  0.00000E+00
      0.720  0.75155E+05  0.82464E+05  0.87980E+05  0.85403E+05  0.82799E+05  0.81788E+05  0.80955E+05  0.77126E+05  0.74003E+05  0.73308E+05  0.69479E+05
      2.161  0.79967E+05  0.88833E+05  0.95524E+05  0.92157E+05  0.88775E+05  0.87463E+05  0.86463E+05  0.82209E+05  0.78738E+05  0.77966E+05  0.73711E+05
      3.602  0.80943E+05  0.91298E+05  0.99114E+05  0.95501E+05  0.91845E+05  0.90426E+05  0.89367E+05  0.84956E+05  0.81358E+05  0.80557E+05  0.76146E+05
      5.043  0.77790E+05  0.88989E+05  0.97441E+05  0.92624E+05  0.87835E+05  0.85976E+05  0.84612E+05  0.79040E+05  0.74496E+05  0.73485E+05  0.67913E+05
      6.484  0.66435E+05  0.78492E+05  0.87591E+05  0.82743E+05  0.77897E+05  0.76016E+05  0.74737E+05  0.69995E+05  0.66127E+05  0.65266E+05  0.60524E+05
      7.925  0.52549E+05  0.65574E+05  0.75404E+05  0.71728E+05  0.67928E+05  0.66453E+05  0.65446E+05  0.61685E+05  0.58617E+05  0.57934E+05  0.54173E+05
      9.366  0.46155E+05  0.59889E+05  0.70254E+05  0.66515E+05  0.62634E+05  0.61128E+05  0.60124E+05  0.56504E+05  0.53552E+05  0.52895E+05  0.49275E+05
     10.807  0.43580E+05  0.57612E+05  0.68201E+05  0.64231E+05  0.60127E+05  0.58534E+05  0.57461E+05  0.53531E+05  0.50325E+05  0.49612E+05  0.45681E+05
     12.247  0.37651E+05  0.50163E+05  0.59606E+05  0.59040E+05  0.58114E+05  0.57755E+05  0.57108E+05  0.52660E+05  0.49033E+05  0.48225E+05  0.43778E+05
     13.688  0.19582E+05  0.31209E+05  0.39983E+05  0.46462E+05  0.52035E+05  0.54198E+05  0.54524E+05  0.49904E+05  0.46135E+05  0.45296E+05  0.40676E+05
     15.129  0.20704E+04  0.10833E+05  0.17446E+05  0.29098E+05  0.39515E+05  0.43558E+05  0.44773E+05  0.41460E+05  0.38758E+05  0.38157E+05  0.34844E+05
     15.875 -0.46356E+04  0.24173E+04  0.77398E+04  0.15055E+05  0.21544E+05  0.24063E+05  0.25158E+05  0.26074E+05  0.26821E+05  0.26987E+05  0.27903E+05
     16.275 -0.74169E+04 -0.10128E+04  0.38201E+04  0.10391E+05  0.16218E+05  0.18479E+05  0.19585E+05  0.21488E+05  0.23040E+05  0.23385E+05  0.25288E+05
     17.027 -0.11514E+05 -0.55262E+04 -0.10072E+04  0.45277E+04  0.94165E+04  0.11314E+05  0.12371E+05  0.15105E+05  0.17334E+05  0.17831E+05  0.20565E+05
     17.779 -0.10752E+05 -0.54717E+04 -0.14870E+04  0.22508E+04  0.55120E+04  0.67777E+04  0.75644E+04  0.10105E+05  0.12177E+05  0.12638E+05  0.15179E+05
     18.530 -0.88278E+04 -0.42625E+04 -0.81729E+03  0.12361E+04  0.29736E+04  0.36479E+04  0.41638E+04  0.63697E+04  0.81688E+04  0.85693E+04  0.10775E+05
     19.282 -0.51792E+04 -0.14584E+04  0.13494E+04  0.17858E+04  0.20654E+04  0.21739E+04  0.24037E+04  0.40511E+04  0.53948E+04  0.56939E+04  0.73413E+04
     20.033 -0.14363E+04  0.91937E+03  0.26971E+04  0.20257E+04  0.13323E+04  0.10633E+04  0.11006E+04  0.23624E+04  0.33915E+04  0.36206E+04  0.48824E+04
     20.785  0.10593E+03  0.16179E+04  0.27589E+04  0.14649E+04  0.22700E+03 -0.25341E+03 -0.32664E+03  0.69337E+03  0.15253E+04  0.17105E+04  0.27305E+04
     21.536  0.80673E+03  0.18190E+04  0.25829E+04  0.74693E+03 -0.97239E+03 -0.16397E+04 -0.18049E+04 -0.94755E+03 -0.24829E+03 -0.92629E+02  0.76474E+03
     22.288  0.75251E+03  0.15608E+04  0.21708E+04 -0.14261E+03 -0.22938E+04 -0.31287E+04 -0.33723E+04 -0.26242E+04 -0.20140E+04 -0.18782E+04 -0.11301E+04
     23.040  0.17128E+03  0.78274E+03  0.12442E+04 -0.14087E+04 -0.38654E+04 -0.48188E+04 -0.51150E+04 -0.44187E+04 -0.38508E+04 -0.37243E+04 -0.30280E+04
     23.791 -0.98971E+03 -0.56728E+03 -0.24849E+03 -0.30892E+04 -0.57121E+04 -0.67301E+04 -0.70504E+04 -0.63428E+04 -0.57656E+04 -0.56371E+04 -0.49295E+04
     24.543 -0.23261E+04 -0.21805E+04 -0.20705E+04 -0.50581E+04 -0.78069E+04 -0.88737E+04 -0.91978E+04 -0.83550E+04 -0.76676E+04 -0.75145E+04 -0.66717E+04
     25.294 -0.38540E+04 -0.40810E+04 -0.42522E+04 -0.73419E+04 -0.10172E+05 -0.11271E+05 -0.11577E+05 -0.10463E+05 -0.95554E+04 -0.93533E+04 -0.82400E+04
     26.046 -0.51231E+04 -0.56422E+04 -0.60339E+04 -0.92473E+04 -0.12182E+05 -0.13321E+05 -0.13611E+05 -0.12218E+05 -0.11081E+05 -0.10828E+05 -0.94348E+04
     26.797 -0.61116E+04 -0.68358E+04 -0.73824E+04 -0.10743E+05 -0.13806E+05 -0.14995E+05 -0.15272E+05 -0.13588E+05 -0.12214E+05 -0.11909E+05 -0.10225E+05
     27.549 -0.71333E+04 -0.80721E+04 -0.87807E+04 -0.12216E+05 -0.15340E+05 -0.16553E+05 -0.16808E+05 -0.14850E+05 -0.13253E+05 -0.12897E+05 -0.10939E+05
     28.301 -0.81906E+04 -0.93542E+04 -0.10232E+05 -0.13664E+05 -0.16778E+05 -0.17987E+05 -0.18211E+05 -0.15995E+05 -0.14188E+05 -0.13786E+05 -0.11571E+05
     29.052 -0.91824E+04 -0.10653E+05 -0.11763E+05 -0.15172E+05 -0.18256E+05 -0.19453E+05 -0.19646E+05 -0.17202E+05 -0.15209E+05 -0.14765E+05 -0.12321E+05
     29.804 -0.10104E+05 -0.11969E+05 -0.13377E+05 -0.16745E+05 -0.19777E+05 -0.20954E+05 -0.21117E+05 -0.18475E+05 -0.16320E+05 -0.15841E+05 -0.13199E+05
     30.555 -0.10863E+05 -0.12991E+05 -0.14596E+05 -0.17930E+05 -0.20922E+05 -0.22084E+05 -0.22235E+05 -0.19543E+05 -0.17347E+05 -0.16858E+05 -0.14166E+05
     31.307 -0.11449E+05 -0.13699E+05 -0.15398E+05 -0.18705E+05 -0.21670E+05 -0.22820E+05 -0.22979E+05 -0.20394E+05 -0.18285E+05 -0.17816E+05 -0.15231E+05
     32.058 -0.11958E+05 -0.14343E+05 -0.16143E+05 -0.19252E+05 -0.22030E+05 -0.23108E+05 -0.23255E+05 -0.20811E+05 -0.18818E+05 -0.18374E+05 -0.15930E+05
     32.810 -0.12386E+05 -0.14918E+05 -0.16830E+05 -0.19559E+05 -0.21984E+05 -0.22925E+05 -0.23038E+05 -0.20772E+05 -0.18924E+05 -0.18513E+05 -0.16247E+05
     33.562 -0.12634E+05 -0.15277E+05 -0.17271E+05 -0.19528E+05 -0.21516E+05 -0.22288E+05 -0.22341E+05 -0.20138E+05 -0.18341E+05 -0.17941E+05 -0.15737E+05
     34.313 -0.12694E+05 -0.15408E+05 -0.17456E+05 -0.19146E+05 -0.20609E+05 -0.21177E+05 -0.21144E+05 -0.18882E+05 -0.17038E+05 -0.16627E+05 -0.14366E+05
     35.065 -0.12514E+05 -0.15149E+05 -0.17139E+05 -0.18283E+05 -0.19248E+05 -0.19622E+05 -0.19502E+05 -0.17147E+05 -0.15227E+05 -0.14799E+05 -0.12444E+05
     35.816 -0.12083E+05 -0.14486E+05 -0.16300E+05 -0.16923E+05 -0.17416E+05 -0.17608E+05 -0.17401E+05 -0.14916E+05 -0.12889E+05 -0.12437E+05 -0.99519E+04
     36.568 -0.11618E+05 -0.13623E+05 -0.15136E+05 -0.15253E+05 -0.15296E+05 -0.15312E+05 -0.15054E+05 -0.12725E+05 -0.10826E+05 -0.10403E+05 -0.80740E+04
     37.319 -0.11117E+05 -0.12554E+05 -0.13639E+05 -0.13266E+05 -0.12878E+05 -0.12727E+05 -0.12454E+05 -0.10576E+05 -0.90451E+04 -0.87042E+04 -0.68266E+04
     38.071 -0.10571E+05 -0.11552E+05 -0.12293E+05 -0.11537E+05 -0.10810E+05 -0.10528E+05 -0.10238E+05 -0.86676E+04 -0.73864E+04 -0.71012E+04 -0.55304E+04
     38.823 -0.99775E+04 -0.10618E+05 -0.11102E+05 -0.10069E+05 -0.90989E+04 -0.87224E+04 -0.84139E+04 -0.70028E+04 -0.58519E+04 -0.55957E+04 -0.41846E+04
     39.574 -0.93505E+04 -0.97733E+04 -0.10092E+05 -0.90185E+04 -0.80185E+04 -0.76303E+04 -0.73261E+04 -0.59924E+04 -0.49047E+04 -0.46626E+04 -0.33289E+04
     40.326 -0.86897E+04 -0.90177E+04 -0.92652E+04 -0.83901E+04 -0.75757E+04 -0.72596E+04 -0.69830E+04 -0.56436E+04 -0.45513E+04 -0.43081E+04 -0.29687E+04
     41.077 -0.83588E+04 -0.86393E+04 -0.88510E+04 -0.80754E+04 -0.73539E+04 -0.70739E+04 -0.68112E+04 -0.54690E+04 -0.43742E+04 -0.41305E+04 -0.27883E+04
     41.775  0.00000E+00  0.00000E+00  0.00000E+00  0.00000E+00  0.00000E+00  0.00000E+00  0.00000E+00  0.00000E+00  0.00000E+00  0.00000E+00  0.00000E+00
     42.418  0.00000E+00  0.00000E+00  0.00000E+00  0.00000E+00  0.00000E+00  0.00000E+00  0.00000E+00  0.00000E+00  0.00000E+00  0.00000E+00  0.00000E+00
     43.062  0.00000E+00  0.00000E+00  0.00000E+00  0.00000E+00  0.00000E+00  0.00000E+00  0.00000E+00  0.00000E+00  0.00000E+00  0.00000E+00  0.00000E+00
     43.706  0.00000E+00  0.00000E+00  0.00000E+00  0.00000E+00  0.00000E+00  0.00000E+00  0.00000E+00  0.00000E+00  0.00000E+00  0.00000E+00  0.00000E+00
     44.349  0.00000E+00  0.00000E+00  0.00000E+00  0.00000E+00  0.00000E+00  0.00000E+00  0.00000E+00  0.00000E+00  0.00000E+00  0.00000E+00  0.00000E+00
     44.993  0.00000E+00  0.00000E+00  0.00000E+00  0.00000E+00  0.00000E+00  0.00000E+00  0.00000E+00  0.00000E+00  0.00000E+00  0.00000E+00  0.00000E+00
     46.043  0.00000E+00  0.00000E+00  0.00000E+00  0.00000E+00  0.00000E+00  0.00000E+00  0.00000E+00  0.00000E+00  0.00000E+00  0.00000E+00  0.00000E+00
     47.499  0.00000E+00  0.00000E+00  0.00000E+00  0.00000E+00  0.00000E+00  0.00000E+00  0.00000E+00  0.00000E+00  0.00000E+00  0.00000E+00  0.00000E+00
     48.955  0.00000E+00  0.00000E+00  0.00000E+00  0.00000E+00  0.00000E+00  0.00000E+00  0.00000E+00  0.00000E+00  0.00000E+00  0.00000E+00  0.00000E+00
     50.412  0.00000E+00  0.00000E+00  0.00000E+00  0.00000E+00  0.00000E+00  0.00000E+00  0.00000E+00  0.00000E+00  0.00000E+00  0.00000E+00  0.00000E+00
     51.868  0.00000E+00  0.00000E+00  0.00000E+00  0.00000E+00  0.00000E+00  0.00000E+00  0.00000E+00  0.00000E+00  0.00000E+00  0.00000E+00  0.00000E+00
     53.324  0.00000E+00  0.00000E+00  0.00000E+00  0.00000E+00  0.00000E+00  0.00000E+00  0.00000E+00  0.00000E+00  0.00000E+00  0.00000E+00  0.00000E+00
     54.781  0.00000E+00  0.00000E+00  0.00000E+00  0.00000E+00  0.00000E+00  0.00000E+00  0.00000E+00  0.00000E+00  0.00000E+00  0.00000E+00  0.00000E+00
     56.237  0.00000E+00  0.00000E+00  0.00000E+00  0.00000E+00  0.00000E+00  0.00000E+00  0.00000E+00  0.00000E+00  0.00000E+00  0.00000E+00  0.00000E+00
     57.693  0.00000E+00  0.00000E+00  0.00000E+00  0.00000E+00  0.00000E+00  0.00000E+00  0.00000E+00  0.00000E+00  0.00000E+00  0.00000E+00  0.00000E+00
     59.150  0.00000E+00  0.00000E+00  0.00000E+00  0.00000E+00  0.00000E+00  0.00000E+00  0.00000E+00  0.00000E+00  0.00000E+00  0.00000E+00  0.00000E+00
     60.606  0.00000E+00  0.00000E+00  0.00000E+00  0.00000E+00  0.00000E+00  0.00000E+00  0.00000E+00  0.00000E+00  0.00000E+00  0.00000E+00  0.00000E+00
     62.062  0.00000E+00  0.00000E+00  0.00000E+00  0.00000E+00  0.00000E+00  0.00000E+00  0.00000E+00  0.00000E+00  0.00000E+00  0.00000E+00  0.00000E+00
     63.519  0.00000E+00  0.00000E+00  0.00000E+00  0.00000E+00  0.00000E+00  0.00000E+00  0.00000E+00  0.00000E+00  0.00000E+00  0.00000E+00  0.00000E+00
     64.975  0.00000E+00  0.00000E+00  0.00000E+00  0.00000E+00  0.00000E+00  0.00000E+00  0.00000E+00  0.00000E+00  0.00000E+00  0.00000E+00  0.00000E+00
     66.431  0.00000E+00  0.00000E+00  0.00000E+00  0.00000E+00  0.00000E+00  0.00000E+00  0.00000E+00  0.00000E+00  0.00000E+00  0.00000E+00  0.00000E+00
     67.237  0.00000E+00  0.00000E+00  0.00000E+00  0.00000E+00  0.00000E+00  0.00000E+00  0.00000E+00  0.00000E+00  0.00000E+00  0.00000E+00  0.00000E+00
     67.392  0.00000E+00  0.00000E+00  0.00000E+00  0.00000E+00  0.00000E+00  0.00000E+00  0.00000E+00  0.00000E+00  0.00000E+00  0.00000E+00  0.00000E+00
     67.970  0.00000E+00  0.00000E+00  0.00000E+00  0.00000E+00  0.00000E+00  0.00000E+00  0.00000E+00  0.00000E+00  0.00000E+00  0.00000E+00  0.00000E+00
     68.970  0.00000E+00  0.00000E+00  0.00000E+00  0.00000E+00  0.00000E+00  0.00000E+00  0.00000E+00  0.00000E+00  0.00000E+00  0.00000E+00  0.00000E+00
     69.970  0.00000E+00  0.00000E+00  0.00000E+00  0.00000E+00  0.00000E+00  0.00000E+00  0.00000E+00  0.00000E+00  0.00000E+00  0.00000E+00  0.00000E+00
     70.470  0.00000E+00  0.00000E+00  0.00000E+00  0.00000E+00  0.00000E+00  0.00000E+00  0.00000E+00  0.00000E+00  0.00000E+00  0.00000E+00  0.00000E+00

    x  /  y   5.5114       5.7654       6.0452       6.1210       6.3242       6.6040       6.7306       6.8830       7.3153       7.8487       8.1022    
     -0.310  0.00000E+00  0.00000E+00  0.00000E+00  0.00000E+00  0.00000E+00  0.00000E+00  0.00000E+00  0.00000E+00  0.00000E+00  0.00000E+00  0.00000E+00
     -0.155  0.00000E+00  0.00000E+00  0.00000E+00  0.00000E+00  0.00000E+00  0.00000E+00  0.00000E+00  0.00000E+00  0.00000E+00  0.00000E+00  0.00000E+00
      0.720  0.65660E+05  0.63077E+05  0.60489E+05  0.59787E+05  0.57908E+05  0.55319E+05  0.54148E+05  0.52455E+05  0.47413E+05  0.41191E+05  0.30610E+05
      2.161  0.69469E+05  0.66837E+05  0.64293E+05  0.63604E+05  0.61756E+05  0.59212E+05  0.58060E+05  0.56529E+05  0.52062E+05  0.46549E+05  0.36219E+05
      3.602  0.71748E+05  0.69102E+05  0.66578E+05  0.65894E+05  0.64061E+05  0.61537E+05  0.60395E+05  0.59633E+05  0.57998E+05  0.55980E+05  0.47448E+05
      5.043  0.62357E+05  0.59692E+05  0.57443E+05  0.56834E+05  0.55201E+05  0.52953E+05  0.51936E+05  0.51164E+05  0.49362E+05  0.47139E+05  0.39567E+05
      6.484  0.55795E+05  0.54184E+05  0.53185E+05  0.52914E+05  0.52188E+05  0.51189E+05  0.50736E+05  0.50188E+05  0.48627E+05  0.46702E+05  0.39723E+05
      7.925  0.50422E+05  0.49392E+05  0.48942E+05  0.48821E+05  0.48494E+05  0.48045E+05  0.47841E+05  0.47483E+05  0.46371E+05  0.44998E+05  0.38111E+05
      9.366  0.45666E+05  0.44863E+05  0.44693E+05  0.44647E+05  0.44523E+05  0.44353E+05  0.44276E+05  0.43983E+05  0.42977E+05  0.41736E+05  0.34419E+05
     10.807  0.41762E+05  0.41055E+05  0.41099E+05  0.41111E+05  0.41143E+05  0.41187E+05  0.41207E+05  0.41003E+05  0.40231E+05  0.39278E+05  0.30867E+05
     12.247  0.39343E+05  0.38441E+05  0.38350E+05  0.38326E+05  0.38260E+05  0.38169E+05  0.38127E+05  0.37893E+05  0.37069E+05  0.36052E+05  0.26052E+05
     13.688  0.36069E+05  0.35263E+05  0.35350E+05  0.35374E+05  0.35438E+05  0.35525E+05  0.35564E+05  0.35424E+05  0.34862E+05  0.34170E+05  0.22851E+05
     15.129  0.31541E+05  0.30427E+05  0.29746E+05  0.29561E+05  0.29066E+05  0.28384E+05  0.28076E+05  0.27917E+05  0.27652E+05  0.27324E+05  0.14572E+05
     15.875  0.28816E+05  0.28732E+05  0.28376E+05  0.28279E+05  0.28021E+05  0.27665E+05  0.27503E+05  0.27558E+05  0.27926E+05  0.28380E+05  0.15777E+05
     16.275  0.27186E+05  0.27279E+05  0.26912E+05  0.26813E+05  0.26546E+05  0.26179E+05  0.26013E+05  0.26091E+05  0.26548E+05  0.27113E+05  0.14772E+05
     17.027  0.23291E+05  0.23533E+05  0.23156E+05  0.23054E+05  0.22780E+05  0.22403E+05  0.22232E+05  0.22478E+05  0.23562E+05  0.24899E+05  0.13325E+05
     17.779  0.17712E+05  0.18096E+05  0.17967E+05  0.17932E+05  0.17838E+05  0.17709E+05  0.17650E+05  0.18274E+05  0.20640E+05  0.23559E+05  0.12874E+05
     18.530  0.12975E+05  0.13407E+05  0.13431E+05  0.13438E+05  0.13455E+05  0.13479E+05  0.13490E+05  0.14316E+05  0.17354E+05  0.21102E+05  0.11220E+05
     19.282  0.89841E+04  0.91344E+04  0.89131E+04  0.88531E+04  0.86923E+04  0.84710E+04  0.83708E+04  0.86294E+04  0.96883E+04  0.10995E+05  0.69772E+03
     20.033  0.61406E+04  0.59523E+04  0.53611E+04  0.52010E+04  0.47717E+04  0.41805E+04  0.39130E+04  0.36987E+04  0.31832E+04  0.25472E+04 -0.83495E+04
     20.785  0.37476E+04  0.34546E+04  0.27812E+04  0.25988E+04  0.21098E+04  0.14364E+04  0.11317E+04  0.68716E+03 -0.64045E+03 -0.22786E+04 -0.13473E+05
     21.536  0.16197E+04  0.13225E+04  0.68571E+03  0.51320E+03  0.50754E+02 -0.58602E+03 -0.87414E+03 -0.15407E+04 -0.37054E+04 -0.63765E+04 -0.17684E+05
     22.288 -0.38406E+03 -0.62092E+03 -0.11454E+04 -0.12875E+04 -0.16683E+04 -0.21928E+04 -0.24301E+04 -0.33636E+04 -0.65673E+04 -0.10520E+05 -0.21898E+05
     23.040 -0.23337E+04 -0.24482E+04 -0.27890E+04 -0.28814E+04 -0.31289E+04 -0.34698E+04 -0.36241E+04 -0.47267E+04 -0.86410E+04 -0.13471E+05 -0.24987E+05
     23.791 -0.42239E+04 -0.41476E+04 -0.42265E+04 -0.42479E+04 -0.43052E+04 -0.43841E+04 -0.44197E+04 -0.55839E+04 -0.98478E+04 -0.15109E+05 -0.26839E+05
     24.543 -0.58312E+04 -0.55436E+04 -0.53641E+04 -0.53154E+04 -0.51851E+04 -0.50056E+04 -0.49244E+04 -0.61299E+04 -0.10667E+05 -0.16265E+05 -0.28275E+05
     25.294 -0.71298E+04 -0.66082E+04 -0.61742E+04 -0.60566E+04 -0.57415E+04 -0.53075E+04 -0.51112E+04 -0.63360E+04 -0.11063E+05 -0.16896E+05 -0.29256E+05
     26.046 -0.80454E+04 -0.73315E+04 -0.67036E+04 -0.65335E+04 -0.60774E+04 -0.54495E+04 -0.51654E+04 -0.64204E+04 -0.11350E+05 -0.17431E+05 -0.30182E+05
     26.797 -0.85459E+04 -0.76850E+04 -0.69287E+04 -0.67238E+04 -0.61746E+04 -0.54183E+04 -0.50761E+04 -0.63729E+04 -0.11517E+05 -0.17863E+05 -0.31048E+05
     27.549 -0.89862E+04 -0.79783E+04 -0.70894E+04 -0.68486E+04 -0.62031E+04 -0.53142E+04 -0.49120E+04 -0.62632E+04 -0.11670E+05 -0.18341E+05 -0.31986E+05
     28.301 -0.93619E+04 -0.82069E+04 -0.71809E+04 -0.69029E+04 -0.61578E+04 -0.51318E+04 -0.46675E+04 -0.60866E+04 -0.11808E+05 -0.18868E+05 -0.33001E+05
     29.052 -0.98845E+04 -0.85460E+04 -0.73246E+04 -0.69938E+04 -0.61068E+04 -0.48854E+04 -0.43328E+04 -0.58466E+04 -0.12009E+05 -0.19613E+05 -0.34240E+05
     29.804 -0.10564E+05 -0.90030E+04 -0.75242E+04 -0.71236E+04 -0.60497E+04 -0.45709E+04 -0.39019E+04 -0.55389E+04 -0.12277E+05 -0.20591E+05 -0.35716E+05
     30.555 -0.11482E+05 -0.97159E+04 -0.79654E+04 -0.74911E+04 -0.62198E+04 -0.44693E+04 -0.36772E+04 -0.54545E+04 -0.12838E+05 -0.21948E+05 -0.37521E+05
     31.307 -0.12652E+05 -0.10700E+05 -0.86622E+04 -0.81102E+04 -0.66305E+04 -0.45929E+04 -0.36709E+04 -0.56065E+04 -0.13709E+05 -0.23705E+05 -0.39674E+05
     32.058 -0.13493E+05 -0.11458E+05 -0.92682E+04 -0.86751E+04 -0.70850E+04 -0.48954E+04 -0.39048E+04 -0.60339E+04 -0.14922E+05 -0.25889E+05 -0.42198E+05
     32.810 -0.13987E+05 -0.11978E+05 -0.97788E+04 -0.91829E+04 -0.75855E+04 -0.53860E+04 -0.43908E+04 -0.67507E+04 -0.16496E+05 -0.28520E+05 -0.45111E+05
     33.562 -0.13540E+05 -0.11718E+05 -0.97623E+04 -0.92324E+04 -0.78121E+04 -0.58563E+04 -0.49714E+04 -0.76101E+04 -0.18271E+05 -0.31426E+05 -0.48255E+05
     34.313 -0.12111E+05 -0.10644E+05 -0.91963E+04 -0.88042E+04 -0.77529E+04 -0.63054E+04 -0.56505E+04 -0.86180E+04 -0.20257E+05 -0.34617E+05 -0.51640E+05
     35.065 -0.10095E+05 -0.90668E+04 -0.82528E+04 -0.80323E+04 -0.74411E+04 -0.66271E+04 -0.62588E+04 -0.95930E+04 -0.22290E+05 -0.37957E+05 -0.55164E+05
     35.816 -0.74735E+04 -0.69696E+04 -0.69187E+04 -0.69049E+04 -0.68679E+04 -0.68170E+04 -0.67940E+04 -0.10534E+05 -0.24374E+05 -0.41451E+05 -0.58831E+05
     36.568 -0.57518E+04 -0.56327E+04 -0.60755E+04 -0.61955E+04 -0.65171E+04 -0.69600E+04 -0.71603E+04 -0.11278E+05 -0.26281E+05 -0.44793E+05 -0.62382E+05
     37.319 -0.49543E+04 -0.50764E+04 -0.57365E+04 -0.59153E+04 -0.63947E+04 -0.70547E+04 -0.73534E+04 -0.11819E+05 -0.28007E+05 -0.47981E+05 -0.65814E+05
     38.071 -0.39641E+04 -0.41071E+04 -0.47160E+04 -0.48810E+04 -0.53232E+04 -0.59321E+04 -0.62076E+04 -0.11072E+05 -0.28759E+05 -0.50581E+05 -0.68768E+05
     38.823 -0.27775E+04 -0.27169E+04 -0.30013E+04 -0.30783E+04 -0.32848E+04 -0.35692E+04 -0.36979E+04 -0.90136E+04 -0.28518E+05 -0.52583E+05 -0.71234E+05
     39.574 -0.19990E+04 -0.15520E+04 -0.12793E+04 -0.12054E+04 -0.10074E+04 -0.73471E+03 -0.61133E+03 -0.61665E+04 -0.26815E+05 -0.52294E+05 -0.71245E+05
     40.326 -0.16331E+04 -0.61485E+03  0.44999E+03  0.73846E+03  0.15118E+04  0.25766E+04  0.30584E+04 -0.25222E+04 -0.23635E+05 -0.49686E+05 -0.68773E+05
     41.077 -0.14499E+04 -0.14550E+03  0.13161E+04  0.17120E+04  0.27735E+04  0.42350E+04  0.48963E+04 -0.69708E+03 -0.22043E+05 -0.48381E+05 -0.67535E+05
     41.775  0.00000E+00  0.00000E+00  0.00000E+00  0.00000E+00  0.00000E+00  0.00000E+00  0.00000E+00  0.00000E+00  0.00000E+00  0.00000E+00  0.00000E+00
     42.418  0.00000E+00  0.00000E+00  0.00000E+00  0.00000E+00  0.00000E+00  0.00000E+00  0.00000E+00  0.00000E+00  0.00000E+00  0.00000E+00  0.00000E+00
     43.062  0.00000E+00  0.00000E+00  0.00000E+00  0.00000E+00  0.00000E+00  0.00000E+00  0.00000E+00  0.00000E+00  0.00000E+00  0.00000E+00  0.00000E+00
     43.706  0.00000E+00  0.00000E+00  0.00000E+00  0.00000E+00  0.00000E+00  0.00000E+00  0.00000E+00  0.00000E+00  0.00000E+00  0.00000E+00  0.00000E+00
     44.349  0.00000E+00  0.00000E+00  0.00000E+00  0.00000E+00  0.00000E+00  0.00000E+00  0.00000E+00  0.00000E+00  0.00000E+00  0.00000E+00  0.00000E+00
     44.993  0.00000E+00  0.00000E+00  0.00000E+00  0.00000E+00  0.00000E+00  0.00000E+00  0.00000E+00  0.00000E+00  0.00000E+00  0.00000E+00  0.00000E+00
     46.043  0.00000E+00  0.00000E+00  0.00000E+00  0.00000E+00  0.00000E+00  0.00000E+00  0.00000E+00  0.00000E+00  0.00000E+00  0.00000E+00  0.00000E+00
     47.499  0.00000E+00  0.00000E+00  0.00000E+00  0.00000E+00  0.00000E+00  0.00000E+00  0.00000E+00  0.00000E+00  0.00000E+00  0.00000E+00  0.00000E+00
     48.955  0.00000E+00  0.00000E+00  0.00000E+00  0.00000E+00  0.00000E+00  0.00000E+00  0.00000E+00  0.00000E+00  0.00000E+00  0.00000E+00  0.00000E+00
     50.412  0.00000E+00  0.00000E+00  0.00000E+00  0.00000E+00  0.00000E+00  0.00000E+00  0.00000E+00  0.00000E+00  0.00000E+00  0.00000E+00  0.00000E+00
     51.868  0.00000E+00  0.00000E+00  0.00000E+00  0.00000E+00  0.00000E+00  0.00000E+00  0.00000E+00  0.00000E+00  0.00000E+00  0.00000E+00  0.00000E+00
     53.324  0.00000E+00  0.00000E+00  0.00000E+00  0.00000E+00  0.00000E+00  0.00000E+00  0.00000E+00  0.00000E+00  0.00000E+00  0.00000E+00  0.00000E+00
     54.781  0.00000E+00  0.00000E+00  0.00000E+00  0.00000E+00  0.00000E+00  0.00000E+00  0.00000E+00  0.00000E+00  0.00000E+00  0.00000E+00  0.00000E+00
     56.237  0.00000E+00  0.00000E+00  0.00000E+00  0.00000E+00  0.00000E+00  0.00000E+00  0.00000E+00  0.00000E+00  0.00000E+00  0.00000E+00  0.00000E+00
     57.693  0.00000E+00  0.00000E+00  0.00000E+00  0.00000E+00  0.00000E+00  0.00000E+00  0.00000E+00  0.00000E+00  0.00000E+00  0.00000E+00  0.00000E+00
     59.150  0.00000E+00  0.00000E+00  0.00000E+00  0.00000E+00  0.00000E+00  0.00000E+00  0.00000E+00  0.00000E+00  0.00000E+00  0.00000E+00  0.00000E+00
     60.606  0.00000E+00  0.00000E+00  0.00000E+00  0.00000E+00  0.00000E+00  0.00000E+00  0.00000E+00  0.00000E+00  0.00000E+00  0.00000E+00  0.00000E+00
     62.062  0.00000E+00  0.00000E+00  0.00000E+00  0.00000E+00  0.00000E+00  0.00000E+00  0.00000E+00  0.00000E+00  0.00000E+00  0.00000E+00  0.00000E+00
     63.519  0.00000E+00  0.00000E+00  0.00000E+00  0.00000E+00  0.00000E+00  0.00000E+00  0.00000E+00  0.00000E+00  0.00000E+00  0.00000E+00  0.00000E+00
     64.975  0.00000E+00  0.00000E+00  0.00000E+00  0.00000E+00  0.00000E+00  0.00000E+00  0.00000E+00  0.00000E+00  0.00000E+00  0.00000E+00  0.00000E+00
     66.431  0.00000E+00  0.00000E+00  0.00000E+00  0.00000E+00  0.00000E+00  0.00000E+00  0.00000E+00  0.00000E+00  0.00000E+00  0.00000E+00  0.00000E+00
     67.237  0.00000E+00  0.00000E+00  0.00000E+00  0.00000E+00  0.00000E+00  0.00000E+00  0.00000E+00  0.00000E+00  0.00000E+00  0.00000E+00  0.00000E+00
     67.392  0.00000E+00  0.00000E+00  0.00000E+00  0.00000E+00  0.00000E+00  0.00000E+00  0.00000E+00  0.00000E+00  0.00000E+00  0.00000E+00  0.00000E+00
     67.970  0.00000E+00  0.00000E+00  0.00000E+00  0.00000E+00  0.00000E+00  0.00000E+00  0.00000E+00  0.00000E+00  0.00000E+00  0.00000E+00  0.00000E+00
     68.970  0.00000E+00  0.00000E+00  0.00000E+00  0.00000E+00  0.00000E+00  0.00000E+00  0.00000E+00  0.00000E+00  0.00000E+00  0.00000E+00  0.00000E+00
     69.970  0.00000E+00  0.00000E+00  0.00000E+00  0.00000E+00  0.00000E+00  0.00000E+00  0.00000E+00  0.00000E+00  0.00000E+00  0.00000E+00  0.00000E+00
     70.470  0.00000E+00  0.00000E+00  0.00000E+00  0.00000E+00  0.00000E+00  0.00000E+00  0.00000E+00  0.00000E+00  0.00000E+00  0.00000E+00  0.00000E+00

    x  /  y   8.4070       8.7118       9.0166       9.3214       9.6262       9.9310       10.007       10.287       10.541       10.769       11.128    
     -0.310  0.00000E+00  0.00000E+00  0.00000E+00  0.00000E+00  0.00000E+00  0.00000E+00  0.00000E+00  0.00000E+00  0.00000E+00  0.00000E+00  0.00000E+00
     -0.155  0.00000E+00  0.00000E+00  0.00000E+00  0.00000E+00  0.00000E+00  0.00000E+00  0.00000E+00  0.00000E+00  0.00000E+00  0.00000E+00  0.00000E+00
      0.720  0.97458E+04 -0.11119E+05 -0.31983E+05 -0.11732E+05  0.50143E+05  0.11202E+06  0.12749E+06  0.18429E+06  0.23577E+06  0.28219E+06  0.00000E+00
      2.161  0.15563E+05 -0.50923E+04 -0.25748E+05 -0.32580E+04  0.62910E+05  0.12908E+06  0.14562E+06  0.20636E+06  0.26141E+06  0.31106E+06  0.00000E+00
      3.602  0.29102E+05  0.10757E+05 -0.75893E+04  0.15169E+05  0.79538E+05  0.14391E+06  0.16000E+06  0.21909E+06  0.27265E+06  0.32094E+06  0.00000E+00
      5.043  0.23504E+05  0.74407E+04 -0.86227E+04  0.15882E+05  0.81456E+05  0.14703E+06  0.16342E+06  0.22362E+06  0.27818E+06  0.32738E+06  0.00000E+00
      6.484  0.24855E+05  0.99879E+04 -0.48796E+04  0.19806E+05  0.84531E+05  0.14926E+06  0.16544E+06  0.22485E+06  0.27871E+06  0.32727E+06  0.00000E+00
      7.925  0.23173E+05  0.82340E+04 -0.67045E+04  0.18715E+05  0.84990E+05  0.15126E+06  0.16783E+06  0.22867E+06  0.28381E+06  0.33354E+06  0.00000E+00
      9.366  0.18436E+05  0.24535E+04 -0.13529E+05  0.11872E+05  0.79167E+05  0.14646E+06  0.16329E+06  0.22506E+06  0.28105E+06  0.33155E+06  0.00000E+00
     10.807  0.12254E+05 -0.63584E+04 -0.24971E+05  0.84573E+03  0.71640E+05  0.14243E+06  0.16013E+06  0.22512E+06  0.28402E+06  0.33714E+06  0.00000E+00
     12.247  0.38634E+04 -0.18325E+05 -0.40514E+05 -0.14517E+05  0.60258E+05  0.13503E+06  0.15373E+06  0.22237E+06  0.28458E+06  0.34069E+06  0.00000E+00
     13.688 -0.24958E+04 -0.27843E+05 -0.53190E+05 -0.26535E+05  0.52763E+05  0.13206E+06  0.15189E+06  0.22468E+06  0.29066E+06  0.35016E+06  0.00000E+00
     15.129 -0.14216E+05 -0.43005E+05 -0.71793E+05 -0.45054E+05  0.37896E+05  0.12085E+06  0.14158E+06  0.21773E+06  0.28675E+06  0.34899E+06  0.00000E+00
     15.875 -0.13070E+05 -0.41917E+05 -0.70764E+05 -0.43197E+05  0.41480E+05  0.12616E+06  0.14733E+06  0.22506E+06  0.29551E+06  0.35905E+06  0.00000E+00
     16.275 -0.13535E+05 -0.41842E+05 -0.70148E+05 -0.42197E+05  0.42707E+05  0.12761E+06  0.14884E+06  0.22678E+06  0.29742E+06  0.36112E+06  0.00000E+00
     17.027 -0.13631E+05 -0.40588E+05 -0.67545E+05 -0.39318E+05  0.44772E+05  0.12886E+06  0.14989E+06  0.22708E+06  0.29704E+06  0.36014E+06  0.00000E+00
     17.779 -0.12868E+05 -0.38610E+05 -0.64352E+05 -0.34636E+05  0.51220E+05  0.13708E+06  0.15854E+06  0.23736E+06  0.30879E+06  0.37321E+06  0.00000E+00
     18.530 -0.13118E+05 -0.37457E+05 -0.61795E+05 -0.30751E+05  0.56358E+05  0.14347E+06  0.16524E+06  0.24521E+06  0.31769E+06  0.38305E+06  0.00000E+00
     19.282 -0.23345E+05 -0.47387E+05 -0.71429E+05 -0.40452E+05  0.46224E+05  0.13290E+06  0.15457E+06  0.23413E+06  0.30625E+06  0.37129E+06  0.00000E+00
     20.033 -0.32768E+05 -0.57186E+05 -0.81604E+05 -0.53278E+05  0.28441E+05  0.11016E+06  0.13059E+06  0.20561E+06  0.27360E+06  0.33492E+06  0.00000E+00
     20.785 -0.38060E+05 -0.62646E+05 -0.87232E+05 -0.60208E+05  0.19063E+05  0.98335E+05  0.11815E+06  0.19092E+06  0.25688E+06  0.31636E+06  0.00000E+00
     21.536 -0.42002E+05 -0.66320E+05 -0.90638E+05 -0.64152E+05  0.13765E+05  0.91681E+05  0.11116E+06  0.18269E+06  0.24751E+06  0.30598E+06  0.00000E+00
     22.288 -0.45726E+05 -0.69553E+05 -0.93380E+05 -0.66714E+05  0.11067E+05  0.88849E+05  0.10829E+06  0.17970E+06  0.24441E+06  0.30277E+06  0.00000E+00
     23.040 -0.48684E+05 -0.72381E+05 -0.96078E+05 -0.69286E+05  0.86182E+04  0.86522E+05  0.10600E+06  0.17751E+06  0.24233E+06  0.30078E+06  0.00000E+00
     23.791 -0.50801E+05 -0.74764E+05 -0.98726E+05 -0.71866E+05  0.64419E+04  0.84750E+05  0.10433E+06  0.17621E+06  0.24137E+06  0.30012E+06  0.00000E+00
     24.543 -0.52700E+05 -0.77124E+05 -0.10155E+06 -0.74630E+05  0.42665E+04  0.83163E+05  0.10289E+06  0.17531E+06  0.24096E+06  0.30015E+06  0.00000E+00
     25.294 -0.54359E+05 -0.79461E+05 -0.10456E+06 -0.77593E+05  0.20921E+04  0.81777E+05  0.10170E+06  0.17485E+06  0.24115E+06  0.30094E+06  0.00000E+00
     26.046 -0.56045E+05 -0.81908E+05 -0.10777E+06 -0.80727E+05 -0.12416E+03  0.80479E+05  0.10063E+06  0.17462E+06  0.24168E+06  0.30216E+06  0.00000E+00
     26.797 -0.57761E+05 -0.84475E+05 -0.11119E+06 -0.84047E+05 -0.23857E+04  0.79275E+05  0.99690E+05  0.17465E+06  0.24260E+06  0.30387E+06  0.00000E+00
     27.549 -0.59580E+05 -0.87174E+05 -0.11477E+06 -0.87504E+05 -0.47050E+04  0.78094E+05  0.98794E+05  0.17480E+06  0.24369E+06  0.30582E+06  0.00000E+00
     28.301 -0.61509E+05 -0.90016E+05 -0.11852E+06 -0.91110E+05 -0.70863E+04  0.76937E+05  0.97943E+05  0.17507E+06  0.24498E+06  0.30803E+06  0.00000E+00
     29.052 -0.63591E+05 -0.92942E+05 -0.12229E+06 -0.94680E+05 -0.94028E+04  0.75875E+05  0.97194E+05  0.17548E+06  0.24643E+06  0.31042E+06  0.00000E+00
     29.804 -0.65837E+05 -0.95958E+05 -0.12608E+06 -0.98214E+05 -0.11650E+05  0.74914E+05  0.96555E+05  0.17602E+06  0.24804E+06  0.31299E+06  0.00000E+00
     30.555 -0.68256E+05 -0.98990E+05 -0.12972E+06 -0.10155E+06 -0.13754E+05  0.74046E+05  0.95996E+05  0.17659E+06  0.24965E+06  0.31552E+06  0.00000E+00
     31.307 -0.70857E+05 -0.10204E+06 -0.13322E+06 -0.10469E+06 -0.15707E+05  0.73276E+05  0.95522E+05  0.17721E+06  0.25124E+06  0.31801E+06  0.00000E+00
     32.058 -0.73660E+05 -0.10512E+06 -0.13658E+06 -0.10763E+06 -0.17515E+05  0.72599E+05  0.95128E+05  0.17785E+06  0.25283E+06  0.32044E+06  0.00000E+00
     32.810 -0.76676E+05 -0.10824E+06 -0.13981E+06 -0.11037E+06 -0.19173E+05  0.72021E+05  0.94819E+05  0.17853E+06  0.25441E+06  0.32283E+06  0.00000E+00
     33.562 -0.79788E+05 -0.11132E+06 -0.14285E+06 -0.11290E+06 -0.20689E+05  0.71517E+05  0.94569E+05  0.17921E+06  0.25593E+06  0.32512E+06  0.00000E+00
     34.313 -0.83001E+05 -0.11436E+06 -0.14572E+06 -0.11521E+06 -0.22058E+05  0.71092E+05  0.94380E+05  0.17989E+06  0.25739E+06  0.32729E+06  0.00000E+00
     35.065 -0.86278E+05 -0.11739E+06 -0.14851E+06 -0.11743E+06 -0.23390E+05  0.70648E+05  0.94158E+05  0.18048E+06  0.25873E+06  0.32929E+06  0.00000E+00
     35.816 -0.89622E+05 -0.12041E+06 -0.15121E+06 -0.11955E+06 -0.24684E+05  0.70184E+05  0.93901E+05  0.18099E+06  0.25992E+06  0.33110E+06  0.00000E+00
     36.568 -0.92918E+05 -0.12346E+06 -0.15399E+06 -0.12180E+06 -0.26115E+05  0.69573E+05  0.93495E+05  0.18134E+06  0.26095E+06  0.33275E+06  0.00000E+00
     37.319 -0.96165E+05 -0.12652E+06 -0.15687E+06 -0.12418E+06 -0.27685E+05  0.68812E+05  0.92936E+05  0.18152E+06  0.26181E+06  0.33421E+06  0.00000E+00
     38.071 -0.98983E+05 -0.12920E+06 -0.15941E+06 -0.12634E+06 -0.29206E+05  0.67931E+05  0.92215E+05  0.18138E+06  0.26220E+06  0.33509E+06  0.00000E+00
     38.823 -0.10136E+06 -0.13149E+06 -0.16162E+06 -0.12828E+06 -0.30675E+05  0.66928E+05  0.91329E+05  0.18093E+06  0.26214E+06  0.33537E+06  0.00000E+00
     39.574 -0.10134E+06 -0.13144E+06 -0.16153E+06 -0.12849E+06 -0.31542E+05  0.65409E+05  0.89647E+05  0.17865E+06  0.25931E+06  0.33206E+06  0.00000E+00
     40.326 -0.98885E+05 -0.12900E+06 -0.15911E+06 -0.12697E+06 -0.31799E+05  0.63367E+05  0.87159E+05  0.17452E+06  0.25370E+06  0.32511E+06  0.00000E+00
     41.077 -0.97656E+05 -0.12778E+06 -0.15790E+06 -0.12620E+06 -0.31928E+05  0.62345E+05  0.85913E+05  0.17245E+06  0.25089E+06  0.32163E+06  0.00000E+00
     41.775  0.00000E+00  0.00000E+00  0.00000E+00  0.00000E+00  0.00000E+00  0.00000E+00  0.00000E+00  0.00000E+00  0.00000E+00  0.00000E+00  0.00000E+00
     42.418  0.00000E+00  0.00000E+00  0.00000E+00  0.00000E+00  0.00000E+00  0.00000E+00  0.00000E+00  0.00000E+00  0.00000E+00  0.00000E+00  0.00000E+00
     43.062  0.00000E+00  0.00000E+00  0.00000E+00  0.00000E+00  0.00000E+00  0.00000E+00  0.00000E+00  0.00000E+00  0.00000E+00  0.00000E+00  0.00000E+00
     43.706  0.00000E+00  0.00000E+00  0.00000E+00  0.00000E+00  0.00000E+00  0.00000E+00  0.00000E+00  0.00000E+00  0.00000E+00  0.00000E+00  0.00000E+00
     44.349  0.00000E+00  0.00000E+00  0.00000E+00  0.00000E+00  0.00000E+00  0.00000E+00  0.00000E+00  0.00000E+00  0.00000E+00  0.00000E+00  0.00000E+00
     44.993  0.00000E+00  0.00000E+00  0.00000E+00  0.00000E+00  0.00000E+00  0.00000E+00  0.00000E+00  0.00000E+00  0.00000E+00  0.00000E+00  0.00000E+00
     46.043  0.00000E+00  0.00000E+00  0.00000E+00  0.00000E+00  0.00000E+00  0.00000E+00  0.00000E+00  0.00000E+00  0.00000E+00  0.00000E+00  0.00000E+00
     47.499  0.00000E+00  0.00000E+00  0.00000E+00  0.00000E+00  0.00000E+00  0.00000E+00  0.00000E+00  0.00000E+00  0.00000E+00  0.00000E+00  0.00000E+00
     48.955  0.00000E+00  0.00000E+00  0.00000E+00  0.00000E+00  0.00000E+00  0.00000E+00  0.00000E+00  0.00000E+00  0.00000E+00  0.00000E+00  0.00000E+00
     50.412  0.00000E+00  0.00000E+00  0.00000E+00  0.00000E+00  0.00000E+00  0.00000E+00  0.00000E+00  0.00000E+00  0.00000E+00  0.00000E+00  0.00000E+00
     51.868  0.00000E+00  0.00000E+00  0.00000E+00  0.00000E+00  0.00000E+00  0.00000E+00  0.00000E+00  0.00000E+00  0.00000E+00  0.00000E+00  0.00000E+00
     53.324  0.00000E+00  0.00000E+00  0.00000E+00  0.00000E+00  0.00000E+00  0.00000E+00  0.00000E+00  0.00000E+00  0.00000E+00  0.00000E+00  0.00000E+00
     54.781  0.00000E+00  0.00000E+00  0.00000E+00  0.00000E+00  0.00000E+00  0.00000E+00  0.00000E+00  0.00000E+00  0.00000E+00  0.00000E+00  0.00000E+00
     56.237  0.00000E+00  0.00000E+00  0.00000E+00  0.00000E+00  0.00000E+00  0.00000E+00  0.00000E+00  0.00000E+00  0.00000E+00  0.00000E+00  0.00000E+00
     57.693  0.00000E+00  0.00000E+00  0.00000E+00  0.00000E+00  0.00000E+00  0.00000E+00  0.00000E+00  0.00000E+00  0.00000E+00  0.00000E+00  0.00000E+00
     59.150  0.00000E+00  0.00000E+00  0.00000E+00  0.00000E+00  0.00000E+00  0.00000E+00  0.00000E+00  0.00000E+00  0.00000E+00  0.00000E+00  0.00000E+00
     60.606  0.00000E+00  0.00000E+00  0.00000E+00  0.00000E+00  0.00000E+00  0.00000E+00  0.00000E+00  0.00000E+00  0.00000E+00  0.00000E+00  0.00000E+00
     62.062  0.00000E+00  0.00000E+00  0.00000E+00  0.00000E+00  0.00000E+00  0.00000E+00  0.00000E+00  0.00000E+00  0.00000E+00  0.00000E+00  0.00000E+00
     63.519  0.00000E+00  0.00000E+00  0.00000E+00  0.00000E+00  0.00000E+00  0.00000E+00  0.00000E+00  0.00000E+00  0.00000E+00  0.00000E+00  0.00000E+00
     64.975  0.00000E+00  0.00000E+00  0.00000E+00  0.00000E+00  0.00000E+00  0.00000E+00  0.00000E+00  0.00000E+00  0.00000E+00  0.00000E+00  0.00000E+00
     66.431  0.00000E+00  0.00000E+00  0.00000E+00  0.00000E+00  0.00000E+00  0.00000E+00  0.00000E+00  0.00000E+00  0.00000E+00  0.00000E+00  0.00000E+00
     67.237  0.00000E+00  0.00000E+00  0.00000E+00  0.00000E+00  0.00000E+00  0.00000E+00  0.00000E+00  0.00000E+00  0.00000E+00  0.00000E+00  0.00000E+00
     67.392  0.00000E+00  0.00000E+00  0.00000E+00  0.00000E+00  0.00000E+00  0.00000E+00  0.00000E+00  0.00000E+00  0.00000E+00  0.00000E+00  0.00000E+00
     67.970  0.00000E+00  0.00000E+00  0.00000E+00  0.00000E+00  0.00000E+00  0.00000E+00  0.00000E+00  0.00000E+00  0.00000E+00  0.00000E+00  0.00000E+00
     68.970  0.00000E+00  0.00000E+00  0.00000E+00  0.00000E+00  0.00000E+00  0.00000E+00  0.00000E+00  0.00000E+00  0.00000E+00  0.00000E+00  0.00000E+00
     69.970  0.00000E+00  0.00000E+00  0.00000E+00  0.00000E+00  0.00000E+00  0.00000E+00  0.00000E+00  0.00000E+00  0.00000E+00  0.00000E+00  0.00000E+00
     70.470  0.00000E+00  0.00000E+00  0.00000E+00  0.00000E+00  0.00000E+00  0.00000E+00  0.00000E+00  0.00000E+00  0.00000E+00  0.00000E+00  0.00000E+00

    x  /  y   11.283    
     -0.310  0.00000E+00
     -0.155  0.00000E+00
      0.720  0.00000E+00
      2.161  0.00000E+00
      3.602  0.00000E+00
      5.043  0.00000E+00
      6.484  0.00000E+00
      7.925  0.00000E+00
      9.366  0.00000E+00
     10.807  0.00000E+00
     12.247  0.00000E+00
     13.688  0.00000E+00
     15.129  0.00000E+00
     15.875  0.00000E+00
     16.275  0.00000E+00
     17.027  0.00000E+00
     17.779  0.00000E+00
     18.530  0.00000E+00
     19.282  0.00000E+00
     20.033  0.00000E+00
     20.785  0.00000E+00
     21.536  0.00000E+00
     22.288  0.00000E+00
     23.040  0.00000E+00
     23.791  0.00000E+00
     24.543  0.00000E+00
     25.294  0.00000E+00
     26.046  0.00000E+00
     26.797  0.00000E+00
     27.549  0.00000E+00
     28.301  0.00000E+00
     29.052  0.00000E+00
     29.804  0.00000E+00
     30.555  0.00000E+00
     31.307  0.00000E+00
     32.058  0.00000E+00
     32.810  0.00000E+00
     33.562  0.00000E+00
     34.313  0.00000E+00
     35.065  0.00000E+00
     35.816  0.00000E+00
     36.568  0.00000E+00
     37.319  0.00000E+00
     38.071  0.00000E+00
     38.823  0.00000E+00
     39.574  0.00000E+00
     40.326  0.00000E+00
     41.077  0.00000E+00
     41.775  0.00000E+00
     42.418  0.00000E+00
     43.062  0.00000E+00
     43.706  0.00000E+00
     44.349  0.00000E+00
     44.993  0.00000E+00
     46.043  0.00000E+00
     47.499  0.00000E+00
     48.955  0.00000E+00
     50.412  0.00000E+00
     51.868  0.00000E+00
     53.324  0.00000E+00
     54.781  0.00000E+00
     56.237  0.00000E+00
     57.693  0.00000E+00
     59.150  0.00000E+00
     60.606  0.00000E+00
     62.062  0.00000E+00
     63.519  0.00000E+00
     64.975  0.00000E+00
     66.431  0.00000E+00
     67.237  0.00000E+00
     67.392  0.00000E+00
     67.970  0.00000E+00
     68.970  0.00000E+00
     69.970  0.00000E+00
     70.470  0.00000E+00
