&INPUT
   REACT=.TRUE.
   IRSTYP=1,MAXGI=100,ID_RAD=1
   MS=1,IRSTYPM=1,MAXMS=300,interval_rad=100
   GMFR=58.19584
   Q0=4.971595E+07
   BGCON=1.E-12,BMCON=1.E-7
   T_init=1400
   cycling=1
   oxy_fuel=0
   initial_gitr=0
   esf=3325720
   aform=0.12
   eso=3325720
   aoxid=30
   isoot_cal=1
   available_parameter=100000
   gui_update=0
   isum=1
   iinfo=1
   iTave=1
   iconv=1
   igresid=1
   igresidp=1
   igresidx=1
   igresidxp=1
   imresid=1
   irad_detail=1
   irad_rad=1
   itwal=1
   irelax=1
   iflx=1
   ifieldview=0
/
 18 4 6 0.0
 10 4 6 26 4 8 2
 1400 0 0.2329175 0.7670825 0. 0. 0. 0 9.5818741134831 0
 10 4 10 12 4 12 2
 1400 0 0.2329175 0.7670825 0. 0. 0. 0 9.6275132350689 0
 14 4 10 16 4 12 2
 300 1 0 0 0. 0. 0. 26.9727978939155 29.9563251924707 0
 18 4 10 20 4 12 2
 1400 0 0.2329175 0.7670825 0. 0. 0. 0 9.64335125949397 0
 22 4 10 24 4 12 2
 300 1 0 0 0. 0. 0. -32.8713713789754 36.5073543509993 0
 26 4 10 26 4 12 2
 1400 0 0.2329175 0.7670825 0. 0. 0. 0 9.63977642356643 0
 10 4 14 26 4 16 2
 1400 0 0.2323752 0.7676249 0. 0. 0. 0 9.57644717902441 0
 32 4 6 48 4 8 2
 1400 0 0.2323678 0.7676322 0. 0. 0. 0 10.0311980493042 0
 32 4 10 32 4 12 2
 1400 0 0.2319859 0.7680141 0. 0. 0. 0 10.0836036984665 0
 34 4 10 36 4 12 2
 300 1 0 0 0. 0. 0. 33.8598990370013 37.6052254766439 0
 38 4 10 40 4 12 2
 1400 0 0.2318894 0.7681106 0. 0. 0. 0 10.087928741498 0
 42 4 10 44 4 12 2
 300 1 0 0 0. 0. 0. -34.5110031870447 38.3283498528981 0
 46 4 10 46 4 12 2
 1400 0 0.2319859 0.7680141 0. 0. 0. 0 11.0457909180382 0
 32 4 14 48 4 16 2
 1400 0 0.2323678 0.7676322 0. 0. 0. 0 10.0227162449261 0
 52 4 6 66 4 8 2
 1400 0 0.2324156 0.7675844 0. 0. 0. 0 9.78301363122261 0
 52 4 10 52 4 12 2
 1400 0 0.2324324 0.7675675 0. 0. 0. 0 9.82353515563769 0
 54 4 10 56 4 12 2
 300 1 0 0 0. 0. 0. 33.3254232433082 37.011630005149 0
 58 4 10 60 4 12 2
 1400 0 0.2324324 0.7675675 0. 0. 0. 0 9.84065071936206 0
 62 4 10 64 4 12 2
 300 1 0 0 0. 0. 0. -33.3254232433082 37.011630005149 0
 66 4 10 66 4 12 2
 1400 0 0.2329175 0.7670825 0. 0. 0. 0 9.83432613732373 0
 52 4 14 66 4 16 2
 1400 0 0.2324156 0.7675844 0. 0. 0. 0 9.7747410002722 0
 70 4 6 84 4 8 2
 1400 0 0.2323728 0.7676272 0. 0. 0. 0 10.8396520828853 0
 70 4 10 70 4 12 2
 1400 0 0.2328308 0.7671692 0. 0. 0. 0 10.8950067040053 0
 72 4 10 74 4 12 2
 300 1 0 0 0. 0. 0. 35.8462546191458 39.8112967192577 0
 76 4 10 78 4 12 2
 1400 0 0.2321878 0.7678123 0. 0. 0. 0 10.9063500358119 0
 80 4 10 82 4 12 2
 300 1 0 0 0. 0. 0. -35.8462546191458 39.8112967192577 0
 84 4 10 84 4 12 2
 1400 0 0.2329175 0.7670825 0. 0. 0. 0 10.9079271971726 0
 70 4 14 84 4 16 2
 1400 0 0.2323728 0.7676272 0. 0. 0. 0 10.8304867637659 0
 90 4 6 104 4 8 2
 1400 0 0.2325017 0.7674983 0. 0. 0. 0 10.4453454495345 0
 90 4 10 90 4 12 2
 1400 0 0.2329175 0.7670825 0. 0. 0. 0 10.5055844050896 0
 92 4 10 94 4 12 2
 300 1 0 0 0. 0. 0. 37.5604243120641 41.7150749241773 0
 96 4 10 98 4 12 2
 1400 0 0.2329175 0.7670825 0. 0. 0. 0 10.5563959022428 0
 100 4 10 102 4 12 2
 300 1 0 0 0. 0. 0. -37.5590585633914 41.7135581066958 0
 104 4 10 104 4 12 2
 1400 0 0.2329175 0.7670825 0. 0. 0. 0 10.5171103089179 0
 90 4 14 104 4 16 2
 1400 0 0.2323849 0.7676151 0. 0. 0. 0 10.4419102997223 0
 108 4 6 122 4 8 2
 1400 0 0.2322581 0.767742 0. 0. 0. 0 3.62170988457417 0
 108 4 10 108 4 12 2
 1400 0 0.2329175 0.7670825 0. 0. 0. 0 3.63941719012912 0
 110 4 10 112 4 12 2
 300 1 0 0 0. 0. 0. 15.5283359999932 17.2459633124926 0
 114 4 10 116 4 12 2
 1400 0 0.2329175 0.7670825 0. 0. 0. 0 3.6290474821689 0
 118 4 10 120 4 12 2
 300 1 0 0 0. 0. 0. -5.13950946295832E-02 0.057080032041055 0
 122 4 10 122 4 12 2
 1400 0 0.2357724 0.7642276 0. 0. 0. 0 3.57305979604206 0
 108 4 14 122 4 16 2
 1400 0 0.2322581 0.767742 0. 0. 0. 0 3.61864727462226 0
 0 0 0 0 0 0 0 
Exhausts:
 6 
12 28 6  28 28 16
2 1 0 0.9 1475
32 28 6  48 28 16
2 1 0 0.9 1475
52 28 6  66 28 16
2 1 0 0.9 1475
70 28 6  86 28 16
2 1 0 0.9 1475
90 28 6  104 28 16
2 1 0 0.9 1475
108 28 6  122 28 16
2 1 0 0.9 1475
Wall Properties:
 0 0 0 0 0 0 0 
&RADIN
   NWL=10,T_A=298.15,W_D=0.31,RI=1
   H_A=5,H_G=10,W_K=2.,eps_w=0.8
   maxri2=1000
   maxri1=100
   minri2=4
   preset_vf=1
   eps_m=0.95
   eps_c=0.8
   have_crown=1
   height_to_ceiling=1.3716
/
1. 2. 3. 4. 5. 
6. 7. 8.5 12. 15. 
