   816780.338241174        input qc_tot
   155702.211025514        maximum flux input value
   8561.21082305118        minimum flux input value
        
   720881.128844995        relaxed total qrs
   138867.825959510        maximum flux relaxed value
   6504.36100220505        minimum flux relaxed value

         relaxed surface radiation heat flux (W/m**2)

    x  /  y -0.31000     -0.15500      0.15000      0.45000      0.75000       1.0500       1.2500       1.3500       1.4500       1.5500       1.6500    
     -0.310  0.00000E+00  0.00000E+00  0.00000E+00  0.00000E+00  0.00000E+00  0.00000E+00  0.00000E+00  0.00000E+00  0.00000E+00  0.00000E+00  0.00000E+00
     -0.155  0.00000E+00  0.00000E+00  0.00000E+00  0.00000E+00  0.00000E+00  0.00000E+00  0.00000E+00  0.00000E+00  0.00000E+00  0.00000E+00  0.00000E+00
      0.117  0.00000E+00  0.00000E+00  0.12917E+06  0.13887E+06  0.13784E+06  0.13623E+06  0.13421E+06  0.13273E+06  0.13078E+06  0.12882E+06  0.12687E+06
      0.350  0.00000E+00  0.00000E+00  0.11077E+06  0.11812E+06  0.11869E+06  0.11593E+06  0.11340E+06  0.11182E+06  0.10991E+06  0.10799E+06  0.10608E+06
      0.583  0.00000E+00  0.00000E+00  0.92360E+05  0.97379E+05  0.99537E+05  0.95619E+05  0.92602E+05  0.90910E+05  0.89036E+05  0.87162E+05  0.85288E+05
      0.817  0.00000E+00  0.00000E+00  0.76349E+05  0.81871E+05  0.86423E+05  0.82119E+05  0.78405E+05  0.76606E+05  0.74865E+05  0.73125E+05  0.71384E+05
      1.050  0.00000E+00  0.00000E+00  0.62733E+05  0.71598E+05  0.79348E+05  0.75425E+05  0.70815E+05  0.68906E+05  0.67394E+05  0.65882E+05  0.64370E+05
      1.283  0.00000E+00  0.00000E+00  0.53198E+05  0.64270E+05  0.73932E+05  0.70767E+05  0.66123E+05  0.64407E+05  0.63298E+05  0.62188E+05  0.61079E+05
      1.517  0.00000E+00  0.00000E+00  0.47745E+05  0.59888E+05  0.70176E+05  0.68144E+05  0.64330E+05  0.63110E+05  0.62577E+05  0.62044E+05  0.61511E+05
      1.750  0.00000E+00  0.00000E+00  0.42432E+05  0.54838E+05  0.64948E+05  0.64221E+05  0.61534E+05  0.60712E+05  0.60412E+05  0.60111E+05  0.59811E+05
      1.983  0.00000E+00  0.00000E+00  0.37260E+05  0.49119E+05  0.58247E+05  0.58997E+05  0.57734E+05  0.57213E+05  0.56802E+05  0.56391E+05  0.55980E+05
      2.217  0.00000E+00  0.00000E+00  0.32819E+05  0.43763E+05  0.51052E+05  0.52432E+05  0.52004E+05  0.51756E+05  0.51472E+05  0.51188E+05  0.50904E+05
      2.567  0.00000E+00  0.00000E+00  0.27257E+05  0.36273E+05  0.39521E+05  0.40573E+05  0.40513E+05  0.40631E+05  0.40894E+05  0.41158E+05  0.41422E+05
      3.033  0.00000E+00  0.00000E+00  0.18367E+05  0.25374E+05  0.26262E+05  0.25914E+05  0.26121E+05  0.26357E+05  0.26724E+05  0.27091E+05  0.27458E+05
      3.500  0.00000E+00  0.00000E+00  0.13562E+05  0.18481E+05  0.16771E+05  0.16253E+05  0.16541E+05  0.16735E+05  0.16981E+05  0.17226E+05  0.17471E+05
      3.967  0.00000E+00  0.00000E+00  0.10776E+05  0.13116E+05  0.12354E+05  0.12254E+05  0.12480E+05  0.12623E+05  0.12797E+05  0.12970E+05  0.13144E+05
      4.433  0.00000E+00  0.00000E+00  0.10415E+05  0.10152E+05  0.99845E+04  0.10147E+05  0.10352E+05  0.10464E+05  0.10585E+05  0.10706E+05  0.10826E+05
      4.900  0.00000E+00  0.00000E+00  0.83910E+04  0.85565E+04  0.86721E+04  0.88888E+04  0.90729E+04  0.91573E+04  0.92341E+04  0.93109E+04  0.93877E+04
      5.367  0.00000E+00  0.00000E+00  0.74786E+04  0.77682E+04  0.78975E+04  0.80856E+04  0.82499E+04  0.83113E+04  0.83518E+04  0.83922E+04  0.84327E+04
      5.833  0.00000E+00  0.00000E+00  0.69963E+04  0.72545E+04  0.75702E+04  0.75916E+04  0.77333E+04  0.77822E+04  0.78089E+04  0.78357E+04  0.78625E+04
      6.300  0.00000E+00  0.00000E+00  0.66407E+04  0.68889E+04  0.72836E+04  0.75335E+04  0.75542E+04  0.75801E+04  0.76215E+04  0.76629E+04  0.77043E+04
      6.767  0.00000E+00  0.00000E+00  0.92861E+04  0.65044E+04  0.70558E+04  0.75396E+04  0.76804E+04  0.77227E+04  0.77369E+04  0.77511E+04  0.77653E+04
      7.078  0.00000E+00  0.00000E+00  0.00000E+00  0.00000E+00  0.00000E+00  0.00000E+00  0.00000E+00  0.00000E+00  0.00000E+00  0.00000E+00  0.00000E+00
      7.233  0.00000E+00  0.00000E+00  0.00000E+00  0.00000E+00  0.00000E+00  0.00000E+00  0.00000E+00  0.00000E+00  0.00000E+00  0.00000E+00  0.00000E+00
      7.810  0.00000E+00  0.00000E+00  0.00000E+00  0.00000E+00  0.00000E+00  0.00000E+00  0.00000E+00  0.00000E+00  0.00000E+00  0.00000E+00  0.00000E+00
      8.810  0.00000E+00  0.00000E+00  0.00000E+00  0.00000E+00  0.00000E+00  0.00000E+00  0.00000E+00  0.00000E+00  0.00000E+00  0.00000E+00  0.00000E+00
      9.810  0.00000E+00  0.00000E+00  0.00000E+00  0.00000E+00  0.00000E+00  0.00000E+00  0.00000E+00  0.00000E+00  0.00000E+00  0.00000E+00  0.00000E+00
     10.310  0.00000E+00  0.00000E+00  0.00000E+00  0.00000E+00  0.00000E+00  0.00000E+00  0.00000E+00  0.00000E+00  0.00000E+00  0.00000E+00  0.00000E+00

    x  /  y   1.7500       2.0000       2.4000       2.8000       3.1550       3.3100    
     -0.310  0.00000E+00  0.00000E+00  0.00000E+00  0.00000E+00  0.00000E+00  0.00000E+00
     -0.155  0.00000E+00  0.00000E+00  0.00000E+00  0.00000E+00  0.00000E+00  0.00000E+00
      0.117  0.12458E+06  0.11827E+06  0.11155E+06  0.99583E+05  0.00000E+00  0.00000E+00
      0.350  0.10425E+06  0.10009E+06  0.94523E+05  0.84663E+05  0.00000E+00  0.00000E+00
      0.583  0.83924E+05  0.81916E+05  0.77499E+05  0.69743E+05  0.00000E+00  0.00000E+00
      0.817  0.70500E+05  0.70440E+05  0.66502E+05  0.58629E+05  0.00000E+00  0.00000E+00
      1.050  0.63978E+05  0.65663E+05  0.61532E+05  0.51321E+05  0.00000E+00  0.00000E+00
      1.283  0.61085E+05  0.63641E+05  0.59734E+05  0.48018E+05  0.00000E+00  0.00000E+00
      1.517  0.61821E+05  0.64374E+05  0.61109E+05  0.48720E+05  0.00000E+00  0.00000E+00
      1.750  0.60215E+05  0.62728E+05  0.60368E+05  0.47703E+05  0.00000E+00  0.00000E+00
      1.983  0.56263E+05  0.58701E+05  0.57508E+05  0.44967E+05  0.00000E+00  0.00000E+00
      2.217  0.51202E+05  0.53519E+05  0.53311E+05  0.41313E+05  0.00000E+00  0.00000E+00
      2.567  0.41943E+05  0.44013E+05  0.45006E+05  0.34455E+05  0.00000E+00  0.00000E+00
      3.033  0.27860E+05  0.29104E+05  0.31400E+05  0.23683E+05  0.00000E+00  0.00000E+00
      3.500  0.17727E+05  0.18507E+05  0.20361E+05  0.16521E+05  0.00000E+00  0.00000E+00
      3.967  0.13292E+05  0.13657E+05  0.14596E+05  0.14171E+05  0.00000E+00  0.00000E+00
      4.433  0.10916E+05  0.11079E+05  0.11344E+05  0.11246E+05  0.00000E+00  0.00000E+00
      4.900  0.94401E+04  0.95150E+04  0.96507E+04  0.92079E+04  0.00000E+00  0.00000E+00
      5.367  0.85041E+04  0.87038E+04  0.85916E+04  0.82015E+04  0.00000E+00  0.00000E+00
      5.833  0.78968E+04  0.79895E+04  0.79667E+04  0.77113E+04  0.00000E+00  0.00000E+00
      6.300  0.77189E+04  0.77008E+04  0.76571E+04  0.76404E+04  0.00000E+00  0.00000E+00
      6.767  0.77439E+04  0.76292E+04  0.75924E+04  0.99378E+04  0.00000E+00  0.00000E+00
      7.078  0.00000E+00  0.00000E+00  0.00000E+00  0.00000E+00  0.00000E+00  0.00000E+00
      7.233  0.00000E+00  0.00000E+00  0.00000E+00  0.00000E+00  0.00000E+00  0.00000E+00
      7.810  0.00000E+00  0.00000E+00  0.00000E+00  0.00000E+00  0.00000E+00  0.00000E+00
      8.810  0.00000E+00  0.00000E+00  0.00000E+00  0.00000E+00  0.00000E+00  0.00000E+00
      9.810  0.00000E+00  0.00000E+00  0.00000E+00  0.00000E+00  0.00000E+00  0.00000E+00
     10.310  0.00000E+00  0.00000E+00  0.00000E+00  0.00000E+00  0.00000E+00  0.00000E+00
