   535909.212172151        input qc_tot_r
   102594.568750723        maximum flux input value
   1716.14859842453        minimum flux input value
        
   702362.988653634        adjusted total qrs_r
   134460.513629389        maximum flux adjusted value
   2249.18555454127        minimum flux adjusted value

         adjusted surface radiation heat flux (W/m**2)

    x  /  y -0.31000     -0.15500      0.15000      0.45000      0.75000       1.0500       1.2500       1.3500       1.4500       1.5500       1.6500    
     -0.310  0.00000E+00  0.00000E+00  0.00000E+00  0.00000E+00  0.00000E+00  0.00000E+00  0.00000E+00  0.00000E+00  0.00000E+00  0.00000E+00  0.00000E+00
     -0.155  0.00000E+00  0.00000E+00  0.00000E+00  0.00000E+00  0.00000E+00  0.00000E+00  0.00000E+00  0.00000E+00  0.00000E+00  0.00000E+00  0.00000E+00
      0.117  0.00000E+00  0.00000E+00  0.94571E+05  0.11131E+06  0.12465E+06  0.13099E+06  0.13264E+06  0.13325E+06  0.13366E+06  0.13406E+06  0.13446E+06
      0.350  0.00000E+00  0.00000E+00  0.76436E+05  0.91176E+05  0.10281E+06  0.10796E+06  0.10976E+06  0.11035E+06  0.11062E+06  0.11088E+06  0.11115E+06
      0.583  0.00000E+00  0.00000E+00  0.58301E+05  0.71043E+05  0.80970E+05  0.84924E+05  0.86890E+05  0.87446E+05  0.87576E+05  0.87706E+05  0.87836E+05
      0.817  0.00000E+00  0.00000E+00  0.46919E+05  0.59604E+05  0.68967E+05  0.72039E+05  0.73515E+05  0.74028E+05  0.74317E+05  0.74605E+05  0.74893E+05
      1.050  0.00000E+00  0.00000E+00  0.42290E+05  0.56859E+05  0.66801E+05  0.69304E+05  0.69643E+05  0.70098E+05  0.70839E+05  0.71581E+05  0.72322E+05
      1.283  0.00000E+00  0.00000E+00  0.39769E+05  0.54930E+05  0.65264E+05  0.67323E+05  0.66792E+05  0.67032E+05  0.67778E+05  0.68524E+05  0.69270E+05
      1.517  0.00000E+00  0.00000E+00  0.39358E+05  0.53817E+05  0.64356E+05  0.66096E+05  0.64962E+05  0.64829E+05  0.65132E+05  0.65435E+05  0.65738E+05
      1.750  0.00000E+00  0.00000E+00  0.37201E+05  0.50285E+05  0.60512E+05  0.62745E+05  0.61476E+05  0.61226E+05  0.61360E+05  0.61495E+05  0.61630E+05
      1.983  0.00000E+00  0.00000E+00  0.33299E+05  0.44334E+05  0.53731E+05  0.57268E+05  0.56333E+05  0.56220E+05  0.56462E+05  0.56704E+05  0.56946E+05
      2.217  0.00000E+00  0.00000E+00  0.30040E+05  0.39531E+05  0.47211E+05  0.50900E+05  0.50466E+05  0.50584E+05  0.51036E+05  0.51488E+05  0.51940E+05
      2.567  0.00000E+00  0.00000E+00  0.26116E+05  0.34051E+05  0.37821E+05  0.40012E+05  0.40581E+05  0.41184E+05  0.42106E+05  0.43028E+05  0.43951E+05
      3.033  0.00000E+00  0.00000E+00  0.19560E+05  0.25117E+05  0.26636E+05  0.27915E+05  0.28663E+05  0.28899E+05  0.28997E+05  0.29094E+05  0.29191E+05
      3.500  0.00000E+00  0.00000E+00  0.15253E+05  0.19184E+05  0.20202E+05  0.20816E+05  0.20686E+05  0.20620E+05  0.20551E+05  0.20483E+05  0.20415E+05
      3.967  0.00000E+00  0.00000E+00  0.12629E+05  0.16243E+05  0.16112E+05  0.15378E+05  0.15338E+05  0.15276E+05  0.15172E+05  0.15068E+05  0.14964E+05
      4.433  0.00000E+00  0.00000E+00  0.11304E+05  0.12957E+05  0.12676E+05  0.11820E+05  0.11805E+05  0.11755E+05  0.11663E+05  0.11571E+05  0.11479E+05
      4.900  0.00000E+00  0.00000E+00  0.12108E+05  0.10812E+05  0.10577E+05  0.10038E+05  0.99779E+04  0.99341E+04  0.98763E+04  0.98185E+04  0.97607E+04
      5.367  0.00000E+00  0.00000E+00  0.10423E+05  0.94123E+04  0.89960E+04  0.85121E+04  0.84144E+04  0.83659E+04  0.83178E+04  0.82698E+04  0.82217E+04
      5.833  0.00000E+00  0.00000E+00  0.11243E+05  0.81342E+04  0.74915E+04  0.70009E+04  0.68433E+04  0.67805E+04  0.67338E+04  0.66870E+04  0.66402E+04
      6.300  0.00000E+00  0.00000E+00  0.14963E+05  0.89737E+04  0.66812E+04  0.57707E+04  0.54615E+04  0.53444E+04  0.52648E+04  0.51852E+04  0.51057E+04
      6.767  0.00000E+00  0.00000E+00  0.28472E+05  0.11443E+05  0.65911E+04  0.41475E+04  0.36487E+04  0.34403E+04  0.32727E+04  0.31051E+04  0.29376E+04
      7.078  0.00000E+00  0.00000E+00  0.00000E+00  0.00000E+00  0.00000E+00  0.00000E+00  0.00000E+00  0.00000E+00  0.00000E+00  0.00000E+00  0.00000E+00
      7.233  0.00000E+00  0.00000E+00  0.00000E+00  0.00000E+00  0.00000E+00  0.00000E+00  0.00000E+00  0.00000E+00  0.00000E+00  0.00000E+00  0.00000E+00
      7.810  0.00000E+00  0.00000E+00  0.00000E+00  0.00000E+00  0.00000E+00  0.00000E+00  0.00000E+00  0.00000E+00  0.00000E+00  0.00000E+00  0.00000E+00
      8.810  0.00000E+00  0.00000E+00  0.00000E+00  0.00000E+00  0.00000E+00  0.00000E+00  0.00000E+00  0.00000E+00  0.00000E+00  0.00000E+00  0.00000E+00
      9.810  0.00000E+00  0.00000E+00  0.00000E+00  0.00000E+00  0.00000E+00  0.00000E+00  0.00000E+00  0.00000E+00  0.00000E+00  0.00000E+00  0.00000E+00
     10.310  0.00000E+00  0.00000E+00  0.00000E+00  0.00000E+00  0.00000E+00  0.00000E+00  0.00000E+00  0.00000E+00  0.00000E+00  0.00000E+00  0.00000E+00

    x  /  y   1.7500       2.0000       2.4000       2.8000       3.1550       3.3100    
     -0.310  0.00000E+00  0.00000E+00  0.00000E+00  0.00000E+00  0.00000E+00  0.00000E+00
     -0.155  0.00000E+00  0.00000E+00  0.00000E+00  0.00000E+00  0.00000E+00  0.00000E+00
      0.117  0.13365E+06  0.12812E+06  0.12703E+06  0.12349E+06  0.00000E+00  0.00000E+00
      0.350  0.11052E+06  0.10646E+06  0.10602E+06  0.10369E+06  0.00000E+00  0.00000E+00
      0.583  0.87395E+05  0.84791E+05  0.84998E+05  0.83884E+05  0.00000E+00  0.00000E+00
      0.817  0.74843E+05  0.73897E+05  0.73247E+05  0.70521E+05  0.00000E+00  0.00000E+00
      1.050  0.72866E+05  0.73777E+05  0.70762E+05  0.63599E+05  0.00000E+00  0.00000E+00
      1.283  0.69990E+05  0.71796E+05  0.67559E+05  0.56164E+05  0.00000E+00  0.00000E+00
      1.517  0.66212E+05  0.67954E+05  0.63637E+05  0.48217E+05  0.00000E+00  0.00000E+00
      1.750  0.61912E+05  0.63104E+05  0.57231E+05  0.41069E+05  0.00000E+00  0.00000E+00
      1.983  0.57089E+05  0.57244E+05  0.48340E+05  0.34719E+05  0.00000E+00  0.00000E+00
      2.217  0.52037E+05  0.51350E+05  0.41369E+05  0.29878E+05  0.00000E+00  0.00000E+00
      2.567  0.44116E+05  0.42455E+05  0.33793E+05  0.24880E+05  0.00000E+00  0.00000E+00
      3.033  0.29012E+05  0.27823E+05  0.24216E+05  0.18281E+05  0.00000E+00  0.00000E+00
      3.500  0.20184E+05  0.19115E+05  0.18119E+05  0.14347E+05  0.00000E+00  0.00000E+00
      3.967  0.14776E+05  0.14054E+05  0.14706E+05  0.11681E+05  0.00000E+00  0.00000E+00
      4.433  0.11332E+05  0.10806E+05  0.11517E+05  0.10075E+05  0.00000E+00  0.00000E+00
      4.900  0.96475E+04  0.92091E+04  0.96845E+04  0.10705E+05  0.00000E+00  0.00000E+00
      5.367  0.81289E+04  0.77612E+04  0.79984E+04  0.88642E+04  0.00000E+00  0.00000E+00
      5.833  0.65499E+04  0.61945E+04  0.60857E+04  0.77116E+04  0.00000E+00  0.00000E+00
      6.300  0.49958E+04  0.46269E+04  0.50387E+04  0.78824E+04  0.00000E+00  0.00000E+00
      6.767  0.27893E+04  0.24577E+04  0.22492E+04  0.14186E+05  0.00000E+00  0.00000E+00
      7.078  0.00000E+00  0.00000E+00  0.00000E+00  0.00000E+00  0.00000E+00  0.00000E+00
      7.233  0.00000E+00  0.00000E+00  0.00000E+00  0.00000E+00  0.00000E+00  0.00000E+00
      7.810  0.00000E+00  0.00000E+00  0.00000E+00  0.00000E+00  0.00000E+00  0.00000E+00
      8.810  0.00000E+00  0.00000E+00  0.00000E+00  0.00000E+00  0.00000E+00  0.00000E+00
      9.810  0.00000E+00  0.00000E+00  0.00000E+00  0.00000E+00  0.00000E+00  0.00000E+00
     10.310  0.00000E+00  0.00000E+00  0.00000E+00  0.00000E+00  0.00000E+00  0.00000E+00
