   531875.873796433        input qc_tot
   100262.601570673        maximum flux input value
   1805.02407381247        minimum flux input value
        
   697076.892554748        adjusted total qrs
   131404.235810646        maximum flux adjusted value
   2365.66581480490        minimum flux adjusted value

         adjusted surface radiation heat flux (W/m**2)

    x  /  y -0.31000     -0.15500      0.15000      0.45000      0.75000       1.0500       1.2500       1.3500       1.4500       1.5500       1.6500    
     -0.310  0.00000E+00  0.00000E+00  0.00000E+00  0.00000E+00  0.00000E+00  0.00000E+00  0.00000E+00  0.00000E+00  0.00000E+00  0.00000E+00  0.00000E+00
     -0.155  0.00000E+00  0.00000E+00  0.00000E+00  0.00000E+00  0.00000E+00  0.00000E+00  0.00000E+00  0.00000E+00  0.00000E+00  0.00000E+00  0.00000E+00
      0.117  0.00000E+00  0.00000E+00  0.12272E+06  0.13029E+06  0.12540E+06  0.12910E+06  0.13103E+06  0.13140E+06  0.13118E+06  0.13096E+06  0.13074E+06
      0.350  0.00000E+00  0.00000E+00  0.10339E+06  0.10865E+06  0.10571E+06  0.10735E+06  0.10894E+06  0.10925E+06  0.10907E+06  0.10890E+06  0.10872E+06
      0.583  0.00000E+00  0.00000E+00  0.84057E+05  0.87016E+05  0.86020E+05  0.85605E+05  0.86849E+05  0.87094E+05  0.86962E+05  0.86830E+05  0.86697E+05
      0.817  0.00000E+00  0.00000E+00  0.70413E+05  0.73912E+05  0.75874E+05  0.74699E+05  0.75238E+05  0.75224E+05  0.74925E+05  0.74626E+05  0.74328E+05
      1.050  0.00000E+00  0.00000E+00  0.62457E+05  0.69340E+05  0.75272E+05  0.74640E+05  0.74110E+05  0.73639E+05  0.72964E+05  0.72289E+05  0.71613E+05
      1.283  0.00000E+00  0.00000E+00  0.54245E+05  0.64013E+05  0.72877E+05  0.72200E+05  0.71180E+05  0.70608E+05  0.69973E+05  0.69338E+05  0.68703E+05
      1.517  0.00000E+00  0.00000E+00  0.45778E+05  0.57932E+05  0.68690E+05  0.67378E+05  0.66449E+05  0.66128E+05  0.65951E+05  0.65774E+05  0.65597E+05
      1.750  0.00000E+00  0.00000E+00  0.38537E+05  0.50921E+05  0.62179E+05  0.61633E+05  0.60804E+05  0.60623E+05  0.60676E+05  0.60729E+05  0.60781E+05
      1.983  0.00000E+00  0.00000E+00  0.32524E+05  0.42980E+05  0.53344E+05  0.54965E+05  0.54244E+05  0.54091E+05  0.54145E+05  0.54200E+05  0.54254E+05
      2.217  0.00000E+00  0.00000E+00  0.27896E+05  0.36936E+05  0.45367E+05  0.47735E+05  0.47356E+05  0.47299E+05  0.47376E+05  0.47452E+05  0.47528E+05
      2.567  0.00000E+00  0.00000E+00  0.23029E+05  0.30714E+05  0.34688E+05  0.36047E+05  0.36532E+05  0.36723E+05  0.36863E+05  0.37002E+05  0.37142E+05
      3.033  0.00000E+00  0.00000E+00  0.16868E+05  0.21991E+05  0.23910E+05  0.25267E+05  0.25232E+05  0.25316E+05  0.25501E+05  0.25686E+05  0.25871E+05
      3.500  0.00000E+00  0.00000E+00  0.13124E+05  0.16401E+05  0.18093E+05  0.17381E+05  0.17389E+05  0.17525E+05  0.17791E+05  0.18057E+05  0.18323E+05
      3.967  0.00000E+00  0.00000E+00  0.10920E+05  0.13990E+05  0.13634E+05  0.13302E+05  0.13623E+05  0.13800E+05  0.13995E+05  0.14190E+05  0.14384E+05
      4.433  0.00000E+00  0.00000E+00  0.98006E+04  0.11309E+05  0.10488E+05  0.10501E+05  0.10977E+05  0.11167E+05  0.11310E+05  0.11453E+05  0.11596E+05
      4.900  0.00000E+00  0.00000E+00  0.10504E+05  0.95978E+04  0.89345E+04  0.90101E+04  0.92188E+04  0.93219E+04  0.94239E+04  0.95258E+04  0.96278E+04
      5.367  0.00000E+00  0.00000E+00  0.88827E+04  0.80711E+04  0.75859E+04  0.75849E+04  0.76411E+04  0.76942E+04  0.77721E+04  0.78500E+04  0.79280E+04
      5.833  0.00000E+00  0.00000E+00  0.76259E+04  0.65096E+04  0.60663E+04  0.61090E+04  0.61064E+04  0.61423E+04  0.62153E+04  0.62884E+04  0.63614E+04
      6.300  0.00000E+00  0.00000E+00  0.89883E+04  0.61368E+04  0.46523E+04  0.46335E+04  0.47608E+04  0.48459E+04  0.49524E+04  0.50589E+04  0.51654E+04
      6.767  0.00000E+00  0.00000E+00  0.18285E+05  0.54211E+04  0.23657E+04  0.26388E+04  0.30682E+04  0.32862E+04  0.35073E+04  0.37284E+04  0.39495E+04
      7.078  0.00000E+00  0.00000E+00  0.00000E+00  0.00000E+00  0.00000E+00  0.00000E+00  0.00000E+00  0.00000E+00  0.00000E+00  0.00000E+00  0.00000E+00
      7.233  0.00000E+00  0.00000E+00  0.00000E+00  0.00000E+00  0.00000E+00  0.00000E+00  0.00000E+00  0.00000E+00  0.00000E+00  0.00000E+00  0.00000E+00
      7.810  0.00000E+00  0.00000E+00  0.00000E+00  0.00000E+00  0.00000E+00  0.00000E+00  0.00000E+00  0.00000E+00  0.00000E+00  0.00000E+00  0.00000E+00
      8.810  0.00000E+00  0.00000E+00  0.00000E+00  0.00000E+00  0.00000E+00  0.00000E+00  0.00000E+00  0.00000E+00  0.00000E+00  0.00000E+00  0.00000E+00
      9.810  0.00000E+00  0.00000E+00  0.00000E+00  0.00000E+00  0.00000E+00  0.00000E+00  0.00000E+00  0.00000E+00  0.00000E+00  0.00000E+00  0.00000E+00
     10.310  0.00000E+00  0.00000E+00  0.00000E+00  0.00000E+00  0.00000E+00  0.00000E+00  0.00000E+00  0.00000E+00  0.00000E+00  0.00000E+00  0.00000E+00

    x  /  y   1.7500       2.0000       2.4000       2.8000       3.1550       3.3100    
     -0.310  0.00000E+00  0.00000E+00  0.00000E+00  0.00000E+00  0.00000E+00  0.00000E+00
     -0.155  0.00000E+00  0.00000E+00  0.00000E+00  0.00000E+00  0.00000E+00  0.00000E+00
      0.117  0.13076E+06  0.13121E+06  0.12136E+06  0.10074E+06  0.00000E+00  0.00000E+00
      0.350  0.10855E+06  0.10816E+06  0.10020E+06  0.81962E+05  0.00000E+00  0.00000E+00
      0.583  0.86336E+05  0.85107E+05  0.79030E+05  0.63186E+05  0.00000E+00  0.00000E+00
      0.817  0.73926E+05  0.72913E+05  0.67156E+05  0.51454E+05  0.00000E+00  0.00000E+00
      1.050  0.71321E+05  0.71577E+05  0.64573E+05  0.46767E+05  0.00000E+00  0.00000E+00
      1.283  0.68611E+05  0.69703E+05  0.62365E+05  0.44016E+05  0.00000E+00  0.00000E+00
      1.517  0.65797E+05  0.67289E+05  0.60532E+05  0.43200E+05  0.00000E+00  0.00000E+00
      1.750  0.61081E+05  0.62451E+05  0.55704E+05  0.40535E+05  0.00000E+00  0.00000E+00
      1.983  0.54462E+05  0.55189E+05  0.47878E+05  0.36019E+05  0.00000E+00  0.00000E+00
      2.217  0.47648E+05  0.47859E+05  0.41668E+05  0.32150E+05  0.00000E+00  0.00000E+00
      2.567  0.37135E+05  0.36762E+05  0.34776E+05  0.27314E+05  0.00000E+00  0.00000E+00
      3.033  0.26054E+05  0.26457E+05  0.25652E+05  0.20305E+05  0.00000E+00  0.00000E+00
      3.500  0.18656E+05  0.19615E+05  0.20117E+05  0.16283E+05  0.00000E+00  0.00000E+00
      3.967  0.14572E+05  0.15120E+05  0.16521E+05  0.13202E+05  0.00000E+00  0.00000E+00
      4.433  0.11689E+05  0.11889E+05  0.13001E+05  0.11416E+05  0.00000E+00  0.00000E+00
      4.900  0.97267E+04  0.10012E+05  0.10946E+05  0.12119E+05  0.00000E+00  0.00000E+00
      5.367  0.80328E+04  0.83987E+04  0.94059E+04  0.10343E+05  0.00000E+00  0.00000E+00
      5.833  0.64870E+04  0.69442E+04  0.78090E+04  0.10405E+05  0.00000E+00  0.00000E+00
      6.300  0.53446E+04  0.60345E+04  0.78710E+04  0.12843E+05  0.00000E+00  0.00000E+00
      6.767  0.41506E+04  0.47664E+04  0.83423E+04  0.25318E+05  0.00000E+00  0.00000E+00
      7.078  0.00000E+00  0.00000E+00  0.00000E+00  0.00000E+00  0.00000E+00  0.00000E+00
      7.233  0.00000E+00  0.00000E+00  0.00000E+00  0.00000E+00  0.00000E+00  0.00000E+00
      7.810  0.00000E+00  0.00000E+00  0.00000E+00  0.00000E+00  0.00000E+00  0.00000E+00
      8.810  0.00000E+00  0.00000E+00  0.00000E+00  0.00000E+00  0.00000E+00  0.00000E+00
      9.810  0.00000E+00  0.00000E+00  0.00000E+00  0.00000E+00  0.00000E+00  0.00000E+00
     10.310  0.00000E+00  0.00000E+00  0.00000E+00  0.00000E+00  0.00000E+00  0.00000E+00
