   837674.425862372        input qc_tot
   156182.546029048        maximum flux input value
   8782.41484705455        minimum flux input value
        
   724715.210638755        relaxed total qrs
   136424.374187263        maximum flux relaxed value
   6604.23222513846        minimum flux relaxed value

         relaxed surface radiation heat flux (W/m**2)

    x  /  y -0.31000     -0.15500      0.15000      0.45000      0.75000       1.0500       1.2500       1.3500       1.4500       1.5500       1.6500    
     -0.310  0.00000E+00  0.00000E+00  0.00000E+00  0.00000E+00  0.00000E+00  0.00000E+00  0.00000E+00  0.00000E+00  0.00000E+00  0.00000E+00  0.00000E+00
     -0.155  0.00000E+00  0.00000E+00  0.00000E+00  0.00000E+00  0.00000E+00  0.00000E+00  0.00000E+00  0.00000E+00  0.00000E+00  0.00000E+00  0.00000E+00
      0.117  0.00000E+00  0.00000E+00  0.93866E+05  0.10424E+06  0.11038E+06  0.11726E+06  0.12333E+06  0.12590E+06  0.12801E+06  0.13012E+06  0.13223E+06
      0.350  0.00000E+00  0.00000E+00  0.79711E+05  0.87998E+05  0.93310E+05  0.98620E+05  0.10369E+06  0.10593E+06  0.10788E+06  0.10982E+06  0.11177E+06
      0.583  0.00000E+00  0.00000E+00  0.65556E+05  0.71752E+05  0.76238E+05  0.79978E+05  0.84056E+05  0.85965E+05  0.87743E+05  0.89522E+05  0.91301E+05
      0.817  0.00000E+00  0.00000E+00  0.54883E+05  0.60928E+05  0.65184E+05  0.68142E+05  0.70732E+05  0.72215E+05  0.73888E+05  0.75560E+05  0.77232E+05
      1.050  0.00000E+00  0.00000E+00  0.47694E+05  0.55526E+05  0.60149E+05  0.63116E+05  0.63722E+05  0.64686E+05  0.66311E+05  0.67936E+05  0.69561E+05
      1.283  0.00000E+00  0.00000E+00  0.44418E+05  0.53663E+05  0.58406E+05  0.61145E+05  0.60435E+05  0.60908E+05  0.62210E+05  0.63511E+05  0.64812E+05
      1.517  0.00000E+00  0.00000E+00  0.45058E+05  0.55340E+05  0.59953E+05  0.62232E+05  0.60872E+05  0.60883E+05  0.61584E+05  0.62285E+05  0.62987E+05
      1.750  0.00000E+00  0.00000E+00  0.44314E+05  0.55215E+05  0.59627E+05  0.61142E+05  0.59770E+05  0.59598E+05  0.59941E+05  0.60284E+05  0.60627E+05
      1.983  0.00000E+00  0.00000E+00  0.42187E+05  0.53287E+05  0.57425E+05  0.57873E+05  0.57126E+05  0.57053E+05  0.57280E+05  0.57507E+05  0.57734E+05
      2.217  0.00000E+00  0.00000E+00  0.39255E+05  0.50249E+05  0.54128E+05  0.53861E+05  0.53252E+05  0.53164E+05  0.53293E+05  0.53421E+05  0.53549E+05
      2.567  0.00000E+00  0.00000E+00  0.33652E+05  0.44026E+05  0.47540E+05  0.46725E+05  0.45594E+05  0.45315E+05  0.45321E+05  0.45327E+05  0.45334E+05
      3.033  0.00000E+00  0.00000E+00  0.22849E+05  0.31598E+05  0.34210E+05  0.34083E+05  0.33546E+05  0.33278E+05  0.33010E+05  0.32743E+05  0.32475E+05
      3.500  0.00000E+00  0.00000E+00  0.16853E+05  0.22621E+05  0.22651E+05  0.21032E+05  0.20797E+05  0.20659E+05  0.20501E+05  0.20343E+05  0.20185E+05
      3.967  0.00000E+00  0.00000E+00  0.13163E+05  0.15946E+05  0.15820E+05  0.14949E+05  0.14924E+05  0.14842E+05  0.14691E+05  0.14540E+05  0.14389E+05
      4.433  0.00000E+00  0.00000E+00  0.12036E+05  0.12032E+05  0.12066E+05  0.11792E+05  0.11831E+05  0.11788E+05  0.11682E+05  0.11575E+05  0.11469E+05
      4.900  0.00000E+00  0.00000E+00  0.95484E+04  0.98895E+04  0.10087E+05  0.99945E+04  0.10024E+05  0.99987E+04  0.99330E+04  0.98674E+04  0.98017E+04
      5.367  0.00000E+00  0.00000E+00  0.83894E+04  0.87110E+04  0.89759E+04  0.88523E+04  0.88720E+04  0.88597E+04  0.88251E+04  0.87906E+04  0.87560E+04
      5.833  0.00000E+00  0.00000E+00  0.78723E+04  0.80348E+04  0.82660E+04  0.82497E+04  0.82103E+04  0.81919E+04  0.81748E+04  0.81576E+04  0.81405E+04
      6.300  0.00000E+00  0.00000E+00  0.78595E+04  0.76909E+04  0.79126E+04  0.79053E+04  0.79279E+04  0.79285E+04  0.79183E+04  0.79081E+04  0.78979E+04
      6.767  0.00000E+00  0.00000E+00  0.10576E+05  0.79800E+04  0.77635E+04  0.77998E+04  0.78180E+04  0.78268E+04  0.78353E+04  0.78437E+04  0.78522E+04
      7.078  0.00000E+00  0.00000E+00  0.00000E+00  0.00000E+00  0.00000E+00  0.00000E+00  0.00000E+00  0.00000E+00  0.00000E+00  0.00000E+00  0.00000E+00
      7.233  0.00000E+00  0.00000E+00  0.00000E+00  0.00000E+00  0.00000E+00  0.00000E+00  0.00000E+00  0.00000E+00  0.00000E+00  0.00000E+00  0.00000E+00
      7.810  0.00000E+00  0.00000E+00  0.00000E+00  0.00000E+00  0.00000E+00  0.00000E+00  0.00000E+00  0.00000E+00  0.00000E+00  0.00000E+00  0.00000E+00
      8.810  0.00000E+00  0.00000E+00  0.00000E+00  0.00000E+00  0.00000E+00  0.00000E+00  0.00000E+00  0.00000E+00  0.00000E+00  0.00000E+00  0.00000E+00
      9.810  0.00000E+00  0.00000E+00  0.00000E+00  0.00000E+00  0.00000E+00  0.00000E+00  0.00000E+00  0.00000E+00  0.00000E+00  0.00000E+00  0.00000E+00
     10.310  0.00000E+00  0.00000E+00  0.00000E+00  0.00000E+00  0.00000E+00  0.00000E+00  0.00000E+00  0.00000E+00  0.00000E+00  0.00000E+00  0.00000E+00

    x  /  y   1.7500       2.0000       2.4000       2.8000       3.1550       3.3100    
     -0.310  0.00000E+00  0.00000E+00  0.00000E+00  0.00000E+00  0.00000E+00  0.00000E+00
     -0.155  0.00000E+00  0.00000E+00  0.00000E+00  0.00000E+00  0.00000E+00  0.00000E+00
      0.117  0.13350E+06  0.13438E+06  0.13642E+06  0.12678E+06  0.00000E+00  0.00000E+00
      0.350  0.11307E+06  0.11460E+06  0.11627E+06  0.10841E+06  0.00000E+00  0.00000E+00
      0.583  0.92632E+05  0.94816E+05  0.96108E+05  0.90037E+05  0.00000E+00  0.00000E+00
      0.817  0.78684E+05  0.81773E+05  0.81960E+05  0.74447E+05  0.00000E+00  0.00000E+00
      1.050  0.71225E+05  0.75468E+05  0.73824E+05  0.61640E+05  0.00000E+00  0.00000E+00
      1.283  0.66383E+05  0.70975E+05  0.67905E+05  0.52808E+05  0.00000E+00  0.00000E+00
      1.517  0.64160E+05  0.68297E+05  0.64202E+05  0.47953E+05  0.00000E+00  0.00000E+00
      1.750  0.61398E+05  0.64417E+05  0.59344E+05  0.43234E+05  0.00000E+00  0.00000E+00
      1.983  0.58096E+05  0.59335E+05  0.53331E+05  0.38652E+05  0.00000E+00  0.00000E+00
      2.217  0.53610E+05  0.53550E+05  0.47569E+05  0.34635E+05  0.00000E+00  0.00000E+00
      2.567  0.45102E+05  0.43820E+05  0.39303E+05  0.29460E+05  0.00000E+00  0.00000E+00
      3.033  0.31858E+05  0.29320E+05  0.28108E+05  0.20467E+05  0.00000E+00  0.00000E+00
      3.500  0.19821E+05  0.18340E+05  0.18464E+05  0.14621E+05  0.00000E+00  0.00000E+00
      3.967  0.14173E+05  0.13449E+05  0.13398E+05  0.13028E+05  0.00000E+00  0.00000E+00
      4.433  0.11327E+05  0.10875E+05  0.10567E+05  0.10598E+05  0.00000E+00  0.00000E+00
      4.900  0.97117E+04  0.94164E+04  0.90514E+04  0.87906E+04  0.00000E+00  0.00000E+00
      5.367  0.86946E+04  0.84714E+04  0.83235E+04  0.78494E+04  0.00000E+00  0.00000E+00
      5.833  0.81212E+04  0.80582E+04  0.77457E+04  0.72891E+04  0.00000E+00  0.00000E+00
      6.300  0.78788E+04  0.77947E+04  0.73342E+04  0.69031E+04  0.00000E+00  0.00000E+00
      6.767  0.78366E+04  0.77173E+04  0.66042E+04  0.91954E+04  0.00000E+00  0.00000E+00
      7.078  0.00000E+00  0.00000E+00  0.00000E+00  0.00000E+00  0.00000E+00  0.00000E+00
      7.233  0.00000E+00  0.00000E+00  0.00000E+00  0.00000E+00  0.00000E+00  0.00000E+00
      7.810  0.00000E+00  0.00000E+00  0.00000E+00  0.00000E+00  0.00000E+00  0.00000E+00
      8.810  0.00000E+00  0.00000E+00  0.00000E+00  0.00000E+00  0.00000E+00  0.00000E+00
      9.810  0.00000E+00  0.00000E+00  0.00000E+00  0.00000E+00  0.00000E+00  0.00000E+00
     10.310  0.00000E+00  0.00000E+00  0.00000E+00  0.00000E+00  0.00000E+00  0.00000E+00
