 Boundary Face Temperature, indexes
 =================================
   Boundary: n,    b_type,    b_T,        i,        j,        k        b_exh
 =================================
  243    3   1473.000        7    8   16
    1
  245    3   1473.000        7   10   16
    1
  247    3   1473.000        7   12   16
    1
  249    3   1473.000        7   14   16
    1
  251    3   1473.000        7   16   16
    1
  253    3   1473.000        7   18   16
    1
  283    3   1473.000        7    8   18
    1
  285    3   1473.000        7   10   18
    1
  287    3   1473.000        7   12   18
    1
  289    3   1473.000        7   14   18
    1
  291    3   1473.000        7   16   18
    1
  293    3   1473.000        7   18   18
    1
  323    3   1473.000        7    8   20
    1
  325    3   1473.000        7   10   20
    1
  327    3   1473.000        7   12   20
    1
  329    3   1473.000        7   14   20
    1
  331    3   1473.000        7   16   20
    1
  333    3   1473.000        7   18   20
    1
  363    3   1473.000        7    8   22
    1
  365    3   1473.000        7   10   22
    1
  367    3   1473.000        7   12   22
    1
  369    3   1473.000        7   14   22
    1
  371    3   1473.000        7   16   22
    1
  373    3   1473.000        7   18   22
    1
  403    3   1473.000        7    8   24
    1
  405    3   1473.000        7   10   24
    1
  407    3   1473.000        7   12   24
    1
  409    3   1473.000        7   14   24
    1
  411    3   1473.000        7   16   24
    1
  413    3   1473.000        7   18   24
    1
  443    3   1473.000        7    8   26
    1
  445    3   1473.000        7   10   26
    1
  447    3   1473.000        7   12   26
    1
  449    3   1473.000        7   14   26
    1
  451    3   1473.000        7   16   26
    1
  453    3   1473.000        7   18   26
    1
   
 =================================
   Exhaust: n         i1        j1        k1       i2      j2    k2
 =================================
           1           2           8          16           2          18
          26
   
 =================================
   Exhaust: n         orient        direct     type      frac      fixed
 =================================
           1      1      0      1  0.900000000000000     
   1473.00000000000     
   
   1632.36065459989     
