   1082535.92138457        input qc_tot
   155340.608547638        maximum flux input value
   12026.3528131129        minimum flux input value
        
   1071431.24286536        relaxed total qrs
   153676.204205078        maximum flux relaxed value
   11806.8509181197        minimum flux relaxed value

         relaxed surface radiation heat flux (W/m**2)

    x  /  y -0.31000     -0.15500      0.15000      0.45000      0.75000       1.0500       1.2500       1.3500       1.4500       1.5500       1.6500    
     -0.310  0.00000E+00  0.00000E+00  0.00000E+00  0.00000E+00  0.00000E+00  0.00000E+00  0.00000E+00  0.00000E+00  0.00000E+00  0.00000E+00  0.00000E+00
     -0.155  0.00000E+00  0.00000E+00  0.00000E+00  0.00000E+00  0.00000E+00  0.00000E+00  0.00000E+00  0.00000E+00  0.00000E+00  0.00000E+00  0.00000E+00
      0.117  0.00000E+00  0.00000E+00  0.13830E+06  0.15162E+06  0.15149E+06  0.15368E+06  0.15242E+06  0.15150E+06  0.15028E+06  0.14907E+06  0.14786E+06
      0.350  0.00000E+00  0.00000E+00  0.12300E+06  0.13509E+06  0.13773E+06  0.13777E+06  0.13568E+06  0.13472E+06  0.13385E+06  0.13299E+06  0.13212E+06
      0.583  0.00000E+00  0.00000E+00  0.10770E+06  0.11856E+06  0.12399E+06  0.12187E+06  0.11893E+06  0.11794E+06  0.11742E+06  0.11690E+06  0.11638E+06
      0.817  0.00000E+00  0.00000E+00  0.93839E+05  0.10454E+06  0.11249E+06  0.10935E+06  0.10567E+06  0.10452E+06  0.10407E+06  0.10361E+06  0.10316E+06
      1.050  0.00000E+00  0.00000E+00  0.81419E+05  0.93046E+05  0.10322E+06  0.10023E+06  0.95894E+05  0.94470E+05  0.93792E+05  0.93114E+05  0.92435E+05
      1.283  0.00000E+00  0.00000E+00  0.69744E+05  0.83790E+05  0.96679E+05  0.94153E+05  0.88999E+05  0.87453E+05  0.86937E+05  0.86421E+05  0.85906E+05
      1.517  0.00000E+00  0.00000E+00  0.58815E+05  0.76776E+05  0.92856E+05  0.91120E+05  0.84988E+05  0.83471E+05  0.83504E+05  0.83536E+05  0.83569E+05
      1.750  0.00000E+00  0.00000E+00  0.51758E+05  0.71472E+05  0.88777E+05  0.87715E+05  0.81849E+05  0.80605E+05  0.81049E+05  0.81493E+05  0.81937E+05
      1.983  0.00000E+00  0.00000E+00  0.48576E+05  0.67869E+05  0.84443E+05  0.83940E+05  0.79582E+05  0.78852E+05  0.79572E+05  0.80291E+05  0.81010E+05
      2.217  0.00000E+00  0.00000E+00  0.46400E+05  0.64710E+05  0.79474E+05  0.79162E+05  0.75986E+05  0.75599E+05  0.76412E+05  0.77225E+05  0.78039E+05
      2.567  0.00000E+00  0.00000E+00  0.44636E+05  0.60634E+05  0.71051E+05  0.70492E+05  0.68598E+05  0.68465E+05  0.69148E+05  0.69830E+05  0.70513E+05
      3.033  0.00000E+00  0.00000E+00  0.40937E+05  0.51157E+05  0.56372E+05  0.52784E+05  0.49681E+05  0.49142E+05  0.49615E+05  0.50088E+05  0.50561E+05
      3.500  0.00000E+00  0.00000E+00  0.30365E+05  0.40001E+05  0.41153E+05  0.37763E+05  0.36296E+05  0.36152E+05  0.36598E+05  0.37044E+05  0.37491E+05
      3.967  0.00000E+00  0.00000E+00  0.22423E+05  0.29844E+05  0.28084E+05  0.26031E+05  0.25952E+05  0.26143E+05  0.26564E+05  0.26986E+05  0.27407E+05
      4.433  0.00000E+00  0.00000E+00  0.17140E+05  0.22289E+05  0.20490E+05  0.19347E+05  0.19499E+05  0.19672E+05  0.19941E+05  0.20210E+05  0.20480E+05
      4.900  0.00000E+00  0.00000E+00  0.14508E+05  0.17516E+05  0.16539E+05  0.16037E+05  0.16189E+05  0.16302E+05  0.16453E+05  0.16603E+05  0.16753E+05
      5.367  0.00000E+00  0.00000E+00  0.14806E+05  0.14520E+05  0.14245E+05  0.14221E+05  0.14379E+05  0.14463E+05  0.14551E+05  0.14638E+05  0.14726E+05
      5.833  0.00000E+00  0.00000E+00  0.12771E+05  0.13109E+05  0.13134E+05  0.13279E+05  0.13449E+05  0.13516E+05  0.13565E+05  0.13613E+05  0.13661E+05
      6.300  0.00000E+00  0.00000E+00  0.11890E+05  0.12534E+05  0.12753E+05  0.12927E+05  0.13137E+05  0.13206E+05  0.13238E+05  0.13271E+05  0.13303E+05
      6.767  0.00000E+00  0.00000E+00  0.11807E+05  0.12343E+05  0.12696E+05  0.13157E+05  0.13378E+05  0.13439E+05  0.13450E+05  0.13462E+05  0.13473E+05
      7.078  0.00000E+00  0.00000E+00  0.00000E+00  0.00000E+00  0.00000E+00  0.00000E+00  0.00000E+00  0.00000E+00  0.00000E+00  0.00000E+00  0.00000E+00
      7.233  0.00000E+00  0.00000E+00  0.00000E+00  0.00000E+00  0.00000E+00  0.00000E+00  0.00000E+00  0.00000E+00  0.00000E+00  0.00000E+00  0.00000E+00
      7.810  0.00000E+00  0.00000E+00  0.00000E+00  0.00000E+00  0.00000E+00  0.00000E+00  0.00000E+00  0.00000E+00  0.00000E+00  0.00000E+00  0.00000E+00
      8.810  0.00000E+00  0.00000E+00  0.00000E+00  0.00000E+00  0.00000E+00  0.00000E+00  0.00000E+00  0.00000E+00  0.00000E+00  0.00000E+00  0.00000E+00
      9.810  0.00000E+00  0.00000E+00  0.00000E+00  0.00000E+00  0.00000E+00  0.00000E+00  0.00000E+00  0.00000E+00  0.00000E+00  0.00000E+00  0.00000E+00
     10.310  0.00000E+00  0.00000E+00  0.00000E+00  0.00000E+00  0.00000E+00  0.00000E+00  0.00000E+00  0.00000E+00  0.00000E+00  0.00000E+00  0.00000E+00

    x  /  y   1.7500       2.0000       2.4000       2.8000       3.1550       3.3100    
     -0.310  0.00000E+00  0.00000E+00  0.00000E+00  0.00000E+00  0.00000E+00  0.00000E+00
     -0.155  0.00000E+00  0.00000E+00  0.00000E+00  0.00000E+00  0.00000E+00  0.00000E+00
      0.117  0.14629E+06  0.14157E+06  0.13281E+06  0.11579E+06  0.00000E+00  0.00000E+00
      0.350  0.13104E+06  0.12788E+06  0.12088E+06  0.10515E+06  0.00000E+00  0.00000E+00
      0.583  0.11580E+06  0.11419E+06  0.10895E+06  0.94511E+05  0.00000E+00  0.00000E+00
      0.817  0.10304E+06  0.10357E+06  0.99518E+05  0.85816E+05  0.00000E+00  0.00000E+00
      1.050  0.92777E+05  0.96031E+05  0.92587E+05  0.79067E+05  0.00000E+00  0.00000E+00
      1.283  0.86768E+05  0.91999E+05  0.88710E+05  0.73136E+05  0.00000E+00  0.00000E+00
      1.517  0.85016E+05  0.91477E+05  0.87889E+05  0.68022E+05  0.00000E+00  0.00000E+00
      1.750  0.83695E+05  0.90646E+05  0.87294E+05  0.65364E+05  0.00000E+00  0.00000E+00
      1.983  0.82805E+05  0.89507E+05  0.86926E+05  0.65167E+05  0.00000E+00  0.00000E+00
      2.217  0.79759E+05  0.86039E+05  0.84768E+05  0.64833E+05  0.00000E+00  0.00000E+00
      2.567  0.71953E+05  0.77342E+05  0.78846E+05  0.64129E+05  0.00000E+00  0.00000E+00
      3.033  0.51952E+05  0.58014E+05  0.65156E+05  0.49869E+05  0.00000E+00  0.00000E+00
      3.500  0.38383E+05  0.42130E+05  0.48739E+05  0.37011E+05  0.00000E+00  0.00000E+00
      3.967  0.27889E+05  0.29498E+05  0.32645E+05  0.26025E+05  0.00000E+00  0.00000E+00
      4.433  0.20759E+05  0.21566E+05  0.22813E+05  0.19809E+05  0.00000E+00  0.00000E+00
      4.900  0.16863E+05  0.17078E+05  0.17689E+05  0.18082E+05  0.00000E+00  0.00000E+00
      5.367  0.14780E+05  0.14850E+05  0.15070E+05  0.14566E+05  0.00000E+00  0.00000E+00
      5.833  0.13686E+05  0.13696E+05  0.13663E+05  0.13241E+05  0.00000E+00  0.00000E+00
      6.300  0.13304E+05  0.13232E+05  0.13079E+05  0.12423E+05  0.00000E+00  0.00000E+00
      6.767  0.13416E+05  0.13133E+05  0.12836E+05  0.12212E+05  0.00000E+00  0.00000E+00
      7.078  0.00000E+00  0.00000E+00  0.00000E+00  0.00000E+00  0.00000E+00  0.00000E+00
      7.233  0.00000E+00  0.00000E+00  0.00000E+00  0.00000E+00  0.00000E+00  0.00000E+00
      7.810  0.00000E+00  0.00000E+00  0.00000E+00  0.00000E+00  0.00000E+00  0.00000E+00
      8.810  0.00000E+00  0.00000E+00  0.00000E+00  0.00000E+00  0.00000E+00  0.00000E+00
      9.810  0.00000E+00  0.00000E+00  0.00000E+00  0.00000E+00  0.00000E+00  0.00000E+00
     10.310  0.00000E+00  0.00000E+00  0.00000E+00  0.00000E+00  0.00000E+00  0.00000E+00
