   1082535.92138457        input qc_tot
   155340.608547638        maximum flux input value
   12026.3528131129        minimum flux input value
        
   1071431.24286536        adjusted total qrs
   153747.120992331        maximum flux adjusted value
   11902.9862078021        minimum flux adjusted value

         adjusted surface radiation heat flux (W/m**2)

    x  /  y -0.31000     -0.15500      0.15000      0.45000      0.75000       1.0500       1.2500       1.3500       1.4500       1.5500       1.6500    
     -0.310  0.00000E+00  0.00000E+00  0.00000E+00  0.00000E+00  0.00000E+00  0.00000E+00  0.00000E+00  0.00000E+00  0.00000E+00  0.00000E+00  0.00000E+00
     -0.155  0.00000E+00  0.00000E+00  0.00000E+00  0.00000E+00  0.00000E+00  0.00000E+00  0.00000E+00  0.00000E+00  0.00000E+00  0.00000E+00  0.00000E+00
      0.117  0.00000E+00  0.00000E+00  0.13938E+06  0.15266E+06  0.15277E+06  0.15375E+06  0.15134E+06  0.14994E+06  0.14833E+06  0.14672E+06  0.14511E+06
      0.350  0.00000E+00  0.00000E+00  0.12444E+06  0.13624E+06  0.13907E+06  0.13816E+06  0.13506E+06  0.13367E+06  0.13243E+06  0.13119E+06  0.12995E+06
      0.583  0.00000E+00  0.00000E+00  0.10950E+06  0.11982E+06  0.12536E+06  0.12256E+06  0.11878E+06  0.11740E+06  0.11653E+06  0.11566E+06  0.11479E+06
      0.817  0.00000E+00  0.00000E+00  0.95776E+05  0.10568E+06  0.11378E+06  0.11002E+06  0.10544E+06  0.10389E+06  0.10308E+06  0.10227E+06  0.10146E+06
      1.050  0.00000E+00  0.00000E+00  0.83271E+05  0.93826E+05  0.10433E+06  0.10053E+06  0.95049E+05  0.93149E+05  0.92091E+05  0.91034E+05  0.89976E+05
      1.283  0.00000E+00  0.00000E+00  0.71719E+05  0.84644E+05  0.97678E+05  0.94115E+05  0.87666E+05  0.85586E+05  0.84650E+05  0.83715E+05  0.82779E+05
      1.517  0.00000E+00  0.00000E+00  0.61121E+05  0.78139E+05  0.93824E+05  0.90766E+05  0.83295E+05  0.81205E+05  0.80761E+05  0.80316E+05  0.79872E+05
      1.750  0.00000E+00  0.00000E+00  0.54371E+05  0.73228E+05  0.89702E+05  0.87225E+05  0.80035E+05  0.78246E+05  0.78262E+05  0.78277E+05  0.78293E+05
      1.983  0.00000E+00  0.00000E+00  0.51472E+05  0.69911E+05  0.85312E+05  0.83491E+05  0.77886E+05  0.76707E+05  0.77153E+05  0.77599E+05  0.78044E+05
      2.217  0.00000E+00  0.00000E+00  0.49557E+05  0.66757E+05  0.80207E+05  0.78701E+05  0.74539E+05  0.73864E+05  0.74594E+05  0.75324E+05  0.76054E+05
      2.567  0.00000E+00  0.00000E+00  0.48160E+05  0.62271E+05  0.71478E+05  0.69930E+05  0.67723E+05  0.67640E+05  0.68578E+05  0.69516E+05  0.70454E+05
      3.033  0.00000E+00  0.00000E+00  0.41006E+05  0.52323E+05  0.56155E+05  0.51203E+05  0.48421E+05  0.48092E+05  0.48826E+05  0.49560E+05  0.50295E+05
      3.500  0.00000E+00  0.00000E+00  0.29858E+05  0.40553E+05  0.40464E+05  0.36795E+05  0.36015E+05  0.36159E+05  0.36837E+05  0.37515E+05  0.38192E+05
      3.967  0.00000E+00  0.00000E+00  0.22081E+05  0.30400E+05  0.27343E+05  0.25789E+05  0.26169E+05  0.26520E+05  0.27034E+05  0.27547E+05  0.28060E+05
      4.433  0.00000E+00  0.00000E+00  0.16790E+05  0.22174E+05  0.20058E+05  0.19410E+05  0.19809E+05  0.20078E+05  0.20417E+05  0.20756E+05  0.21095E+05
      4.900  0.00000E+00  0.00000E+00  0.14436E+05  0.17362E+05  0.16406E+05  0.16188E+05  0.16470E+05  0.16630E+05  0.16809E+05  0.16988E+05  0.17167E+05
      5.367  0.00000E+00  0.00000E+00  0.14997E+05  0.14375E+05  0.14240E+05  0.14392E+05  0.14602E+05  0.14704E+05  0.14805E+05  0.14906E+05  0.15006E+05
      5.833  0.00000E+00  0.00000E+00  0.12837E+05  0.12918E+05  0.13175E+05  0.13446E+05  0.13642E+05  0.13719E+05  0.13773E+05  0.13827E+05  0.13881E+05
      6.300  0.00000E+00  0.00000E+00  0.11903E+05  0.12382E+05  0.12847E+05  0.13071E+05  0.13300E+05  0.13377E+05  0.13416E+05  0.13456E+05  0.13495E+05
      6.767  0.00000E+00  0.00000E+00  0.12029E+05  0.12284E+05  0.12805E+05  0.13305E+05  0.13528E+05  0.13592E+05  0.13609E+05  0.13626E+05  0.13644E+05
      7.078  0.00000E+00  0.00000E+00  0.00000E+00  0.00000E+00  0.00000E+00  0.00000E+00  0.00000E+00  0.00000E+00  0.00000E+00  0.00000E+00  0.00000E+00
      7.233  0.00000E+00  0.00000E+00  0.00000E+00  0.00000E+00  0.00000E+00  0.00000E+00  0.00000E+00  0.00000E+00  0.00000E+00  0.00000E+00  0.00000E+00
      7.810  0.00000E+00  0.00000E+00  0.00000E+00  0.00000E+00  0.00000E+00  0.00000E+00  0.00000E+00  0.00000E+00  0.00000E+00  0.00000E+00  0.00000E+00
      8.810  0.00000E+00  0.00000E+00  0.00000E+00  0.00000E+00  0.00000E+00  0.00000E+00  0.00000E+00  0.00000E+00  0.00000E+00  0.00000E+00  0.00000E+00
      9.810  0.00000E+00  0.00000E+00  0.00000E+00  0.00000E+00  0.00000E+00  0.00000E+00  0.00000E+00  0.00000E+00  0.00000E+00  0.00000E+00  0.00000E+00
     10.310  0.00000E+00  0.00000E+00  0.00000E+00  0.00000E+00  0.00000E+00  0.00000E+00  0.00000E+00  0.00000E+00  0.00000E+00  0.00000E+00  0.00000E+00

    x  /  y   1.7500       2.0000       2.4000       2.8000       3.1550       3.3100    
     -0.310  0.00000E+00  0.00000E+00  0.00000E+00  0.00000E+00  0.00000E+00  0.00000E+00
     -0.155  0.00000E+00  0.00000E+00  0.00000E+00  0.00000E+00  0.00000E+00  0.00000E+00
      0.117  0.14334E+06  0.13860E+06  0.12969E+06  0.11374E+06  0.00000E+00  0.00000E+00
      0.350  0.12875E+06  0.12583E+06  0.11856E+06  0.10386E+06  0.00000E+00  0.00000E+00
      0.583  0.11416E+06  0.11305E+06  0.10744E+06  0.93972E+05  0.00000E+00  0.00000E+00
      0.817  0.10137E+06  0.10268E+06  0.98262E+05  0.85674E+05  0.00000E+00  0.00000E+00
      1.050  0.90375E+05  0.94714E+05  0.91019E+05  0.78965E+05  0.00000E+00  0.00000E+00
      1.283  0.83692E+05  0.90075E+05  0.86604E+05  0.73009E+05  0.00000E+00  0.00000E+00
      1.517  0.81318E+05  0.88768E+05  0.85019E+05  0.67806E+05  0.00000E+00  0.00000E+00
      1.750  0.80063E+05  0.87929E+05  0.84436E+05  0.65096E+05  0.00000E+00  0.00000E+00
      1.983  0.79926E+05  0.87559E+05  0.84855E+05  0.64881E+05  0.00000E+00  0.00000E+00
      2.217  0.77889E+05  0.84829E+05  0.83434E+05  0.64759E+05  0.00000E+00  0.00000E+00
      2.567  0.71981E+05  0.77190E+05  0.78538E+05  0.64713E+05  0.00000E+00  0.00000E+00
      3.033  0.51852E+05  0.58108E+05  0.65649E+05  0.50977E+05  0.00000E+00  0.00000E+00
      3.500  0.39252E+05  0.43261E+05  0.50236E+05  0.38569E+05  0.00000E+00  0.00000E+00
      3.967  0.28656E+05  0.30596E+05  0.33880E+05  0.27476E+05  0.00000E+00  0.00000E+00
      4.433  0.21479E+05  0.22603E+05  0.23590E+05  0.20662E+05  0.00000E+00  0.00000E+00
      4.900  0.17306E+05  0.17593E+05  0.18149E+05  0.18537E+05  0.00000E+00  0.00000E+00
      5.367  0.15076E+05  0.15181E+05  0.15443E+05  0.14825E+05  0.00000E+00  0.00000E+00
      5.833  0.13911E+05  0.13940E+05  0.13932E+05  0.13492E+05  0.00000E+00  0.00000E+00
      6.300  0.13498E+05  0.13430E+05  0.13323E+05  0.12512E+05  0.00000E+00  0.00000E+00
      6.767  0.13594E+05  0.13328E+05  0.13076E+05  0.12462E+05  0.00000E+00  0.00000E+00
      7.078  0.00000E+00  0.00000E+00  0.00000E+00  0.00000E+00  0.00000E+00  0.00000E+00
      7.233  0.00000E+00  0.00000E+00  0.00000E+00  0.00000E+00  0.00000E+00  0.00000E+00
      7.810  0.00000E+00  0.00000E+00  0.00000E+00  0.00000E+00  0.00000E+00  0.00000E+00
      8.810  0.00000E+00  0.00000E+00  0.00000E+00  0.00000E+00  0.00000E+00  0.00000E+00
      9.810  0.00000E+00  0.00000E+00  0.00000E+00  0.00000E+00  0.00000E+00  0.00000E+00
     10.310  0.00000E+00  0.00000E+00  0.00000E+00  0.00000E+00  0.00000E+00  0.00000E+00
