   798674.290320507        input qc_tot
   126010.829168754        maximum flux input value
   8226.02783687296        minimum flux input value
        
   1070945.22321400        adjusted total qrs
   168968.373224280        maximum flux adjusted value
   11030.3102587529        minimum flux adjusted value

         adjusted surface radiation heat flux (W/m**2)

    x  /  y -0.31000     -0.15500      0.15000      0.45000      0.75000       1.0500       1.2500       1.3500       1.4500       1.5500       1.6500    
     -0.310  0.00000E+00  0.00000E+00  0.00000E+00  0.00000E+00  0.00000E+00  0.00000E+00  0.00000E+00  0.00000E+00  0.00000E+00  0.00000E+00  0.00000E+00
     -0.155  0.00000E+00  0.00000E+00  0.00000E+00  0.00000E+00  0.00000E+00  0.00000E+00  0.00000E+00  0.00000E+00  0.00000E+00  0.00000E+00  0.00000E+00
      0.117  0.00000E+00  0.00000E+00  0.14964E+06  0.15856E+06  0.15812E+06  0.16187E+06  0.16645E+06  0.16767E+06  0.16781E+06  0.16795E+06  0.16809E+06
      0.350  0.00000E+00  0.00000E+00  0.13365E+06  0.14102E+06  0.14233E+06  0.14355E+06  0.14589E+06  0.14670E+06  0.14716E+06  0.14762E+06  0.14808E+06
      0.583  0.00000E+00  0.00000E+00  0.11766E+06  0.12348E+06  0.12655E+06  0.12524E+06  0.12532E+06  0.12572E+06  0.12650E+06  0.12728E+06  0.12806E+06
      0.817  0.00000E+00  0.00000E+00  0.10247E+06  0.10859E+06  0.11407E+06  0.11181E+06  0.11069E+06  0.11077E+06  0.11149E+06  0.11221E+06  0.11293E+06
      1.050  0.00000E+00  0.00000E+00  0.88075E+05  0.96339E+05  0.10491E+06  0.10328E+06  0.10200E+06  0.10183E+06  0.10211E+06  0.10239E+06  0.10268E+06
      1.283  0.00000E+00  0.00000E+00  0.73851E+05  0.86757E+05  0.99534E+05  0.98605E+05  0.96498E+05  0.96165E+05  0.96555E+05  0.96944E+05  0.97333E+05
      1.517  0.00000E+00  0.00000E+00  0.59798E+05  0.79838E+05  0.97957E+05  0.97799E+05  0.94175E+05  0.93787E+05  0.94821E+05  0.95856E+05  0.96891E+05
      1.750  0.00000E+00  0.00000E+00  0.51354E+05  0.73730E+05  0.93881E+05  0.93611E+05  0.89532E+05  0.89208E+05  0.90600E+05  0.91991E+05  0.93383E+05
      1.983  0.00000E+00  0.00000E+00  0.48521E+05  0.68432E+05  0.87304E+05  0.86038E+05  0.82566E+05  0.82429E+05  0.83888E+05  0.85348E+05  0.86808E+05
      2.217  0.00000E+00  0.00000E+00  0.46367E+05  0.63467E+05  0.79376E+05  0.77722E+05  0.74670E+05  0.74601E+05  0.75988E+05  0.77376E+05  0.78763E+05
      2.567  0.00000E+00  0.00000E+00  0.44154E+05  0.56519E+05  0.65455E+05  0.64135E+05  0.61429E+05  0.61286E+05  0.62354E+05  0.63422E+05  0.64490E+05
      3.033  0.00000E+00  0.00000E+00  0.36859E+05  0.45203E+05  0.46840E+05  0.42028E+05  0.38887E+05  0.38272E+05  0.38611E+05  0.38951E+05  0.39290E+05
      3.500  0.00000E+00  0.00000E+00  0.25823E+05  0.33877E+05  0.30165E+05  0.24907E+05  0.23390E+05  0.23283E+05  0.23829E+05  0.24374E+05  0.24920E+05
      3.967  0.00000E+00  0.00000E+00  0.18242E+05  0.25191E+05  0.19662E+05  0.17272E+05  0.17423E+05  0.17677E+05  0.18109E+05  0.18542E+05  0.18974E+05
      4.433  0.00000E+00  0.00000E+00  0.13886E+05  0.18418E+05  0.15108E+05  0.14526E+05  0.14925E+05  0.15178E+05  0.15484E+05  0.15790E+05  0.16096E+05
      4.900  0.00000E+00  0.00000E+00  0.12120E+05  0.15131E+05  0.13308E+05  0.13225E+05  0.13558E+05  0.13732E+05  0.13915E+05  0.14098E+05  0.14281E+05
      5.367  0.00000E+00  0.00000E+00  0.11546E+05  0.13422E+05  0.12353E+05  0.12441E+05  0.12683E+05  0.12797E+05  0.12902E+05  0.13008E+05  0.13114E+05
      5.833  0.00000E+00  0.00000E+00  0.11949E+05  0.12301E+05  0.11816E+05  0.12038E+05  0.12268E+05  0.12357E+05  0.12419E+05  0.12481E+05  0.12544E+05
      6.300  0.00000E+00  0.00000E+00  0.11030E+05  0.11547E+05  0.11683E+05  0.12050E+05  0.12295E+05  0.12377E+05  0.12418E+05  0.12460E+05  0.12501E+05
      6.767  0.00000E+00  0.00000E+00  0.11240E+05  0.11514E+05  0.11737E+05  0.12387E+05  0.12744E+05  0.12841E+05  0.12856E+05  0.12871E+05  0.12886E+05
      7.078  0.00000E+00  0.00000E+00  0.00000E+00  0.00000E+00  0.00000E+00  0.00000E+00  0.00000E+00  0.00000E+00  0.00000E+00  0.00000E+00  0.00000E+00
      7.233  0.00000E+00  0.00000E+00  0.00000E+00  0.00000E+00  0.00000E+00  0.00000E+00  0.00000E+00  0.00000E+00  0.00000E+00  0.00000E+00  0.00000E+00
      7.810  0.00000E+00  0.00000E+00  0.00000E+00  0.00000E+00  0.00000E+00  0.00000E+00  0.00000E+00  0.00000E+00  0.00000E+00  0.00000E+00  0.00000E+00
      8.810  0.00000E+00  0.00000E+00  0.00000E+00  0.00000E+00  0.00000E+00  0.00000E+00  0.00000E+00  0.00000E+00  0.00000E+00  0.00000E+00  0.00000E+00
      9.810  0.00000E+00  0.00000E+00  0.00000E+00  0.00000E+00  0.00000E+00  0.00000E+00  0.00000E+00  0.00000E+00  0.00000E+00  0.00000E+00  0.00000E+00
     10.310  0.00000E+00  0.00000E+00  0.00000E+00  0.00000E+00  0.00000E+00  0.00000E+00  0.00000E+00  0.00000E+00  0.00000E+00  0.00000E+00  0.00000E+00

    x  /  y   1.7500       2.0000       2.4000       2.8000       3.1550       3.3100    
     -0.310  0.00000E+00  0.00000E+00  0.00000E+00  0.00000E+00  0.00000E+00  0.00000E+00
     -0.155  0.00000E+00  0.00000E+00  0.00000E+00  0.00000E+00  0.00000E+00  0.00000E+00
      0.117  0.16834E+06  0.16897E+06  0.16061E+06  0.13908E+06  0.00000E+00  0.00000E+00
      0.350  0.14854E+06  0.14954E+06  0.14379E+06  0.12394E+06  0.00000E+00  0.00000E+00
      0.583  0.12873E+06  0.13011E+06  0.12698E+06  0.10881E+06  0.00000E+00  0.00000E+00
      0.817  0.11371E+06  0.11579E+06  0.11385E+06  0.96056E+05  0.00000E+00  0.00000E+00
      1.050  0.10347E+06  0.10657E+06  0.10442E+06  0.85683E+05  0.00000E+00  0.00000E+00
      1.283  0.98346E+05  0.10227E+06  0.99596E+05  0.78293E+05  0.00000E+00  0.00000E+00
      1.517  0.98345E+05  0.10287E+06  0.99384E+05  0.73886E+05  0.00000E+00  0.00000E+00
      1.750  0.95218E+05  0.10076E+06  0.97888E+05  0.70354E+05  0.00000E+00  0.00000E+00
      1.983  0.88963E+05  0.95954E+05  0.95107E+05  0.67696E+05  0.00000E+00  0.00000E+00
      2.217  0.81036E+05  0.88793E+05  0.89380E+05  0.64366E+05  0.00000E+00  0.00000E+00
      2.567  0.66637E+05  0.74520E+05  0.76367E+05  0.58362E+05  0.00000E+00  0.00000E+00
      3.033  0.40852E+05  0.47763E+05  0.55247E+05  0.40675E+05  0.00000E+00  0.00000E+00
      3.500  0.25890E+05  0.29711E+05  0.37697E+05  0.27183E+05  0.00000E+00  0.00000E+00
      3.967  0.19454E+05  0.21032E+05  0.25445E+05  0.19398E+05  0.00000E+00  0.00000E+00
      4.433  0.16428E+05  0.17425E+05  0.19359E+05  0.16131E+05  0.00000E+00  0.00000E+00
      4.900  0.14477E+05  0.15067E+05  0.16247E+05  0.14290E+05  0.00000E+00  0.00000E+00
      5.367  0.13230E+05  0.13564E+05  0.14176E+05  0.14635E+05  0.00000E+00  0.00000E+00
      5.833  0.12614E+05  0.12826E+05  0.13037E+05  0.12463E+05  0.00000E+00  0.00000E+00
      6.300  0.12541E+05  0.12644E+05  0.12823E+05  0.11655E+05  0.00000E+00  0.00000E+00
      6.767  0.12858E+05  0.12710E+05  0.12619E+05  0.11147E+05  0.00000E+00  0.00000E+00
      7.078  0.00000E+00  0.00000E+00  0.00000E+00  0.00000E+00  0.00000E+00  0.00000E+00
      7.233  0.00000E+00  0.00000E+00  0.00000E+00  0.00000E+00  0.00000E+00  0.00000E+00
      7.810  0.00000E+00  0.00000E+00  0.00000E+00  0.00000E+00  0.00000E+00  0.00000E+00
      8.810  0.00000E+00  0.00000E+00  0.00000E+00  0.00000E+00  0.00000E+00  0.00000E+00
      9.810  0.00000E+00  0.00000E+00  0.00000E+00  0.00000E+00  0.00000E+00  0.00000E+00
     10.310  0.00000E+00  0.00000E+00  0.00000E+00  0.00000E+00  0.00000E+00  0.00000E+00
