   798674.290320507        input qc_tot
   126010.829168754        maximum flux input value
   8226.02783687296        minimum flux input value
        
   1070945.22321400        relaxed total qrs
   178737.687385147        maximum flux relaxed value
   9612.55534630918        minimum flux relaxed value

         relaxed surface radiation heat flux (W/m**2)

    x  /  y -0.31000     -0.15500      0.15000      0.45000      0.75000       1.0500       1.2500       1.3500       1.4500       1.5500       1.6500    
     -0.310  0.00000E+00  0.00000E+00  0.00000E+00  0.00000E+00  0.00000E+00  0.00000E+00  0.00000E+00  0.00000E+00  0.00000E+00  0.00000E+00  0.00000E+00
     -0.155  0.00000E+00  0.00000E+00  0.00000E+00  0.00000E+00  0.00000E+00  0.00000E+00  0.00000E+00  0.00000E+00  0.00000E+00  0.00000E+00  0.00000E+00
      0.117  0.00000E+00  0.00000E+00  0.15179E+06  0.15813E+06  0.15234E+06  0.16231E+06  0.17133E+06  0.17404E+06  0.17494E+06  0.17584E+06  0.17675E+06
      0.350  0.00000E+00  0.00000E+00  0.13599E+06  0.14241E+06  0.14031E+06  0.14562E+06  0.15129E+06  0.15334E+06  0.15458E+06  0.15582E+06  0.15706E+06
      0.583  0.00000E+00  0.00000E+00  0.12020E+06  0.12668E+06  0.12827E+06  0.12892E+06  0.13126E+06  0.13263E+06  0.13421E+06  0.13579E+06  0.13738E+06
      0.817  0.00000E+00  0.00000E+00  0.10499E+06  0.11282E+06  0.11797E+06  0.11666E+06  0.11736E+06  0.11826E+06  0.11972E+06  0.12117E+06  0.12263E+06
      1.050  0.00000E+00  0.00000E+00  0.90357E+05  0.10081E+06  0.10938E+06  0.10884E+06  0.10960E+06  0.11022E+06  0.11109E+06  0.11196E+06  0.11283E+06
      1.283  0.00000E+00  0.00000E+00  0.74953E+05  0.90433E+05  0.10410E+06  0.10442E+06  0.10429E+06  0.10467E+06  0.10549E+06  0.10631E+06  0.10713E+06
      1.517  0.00000E+00  0.00000E+00  0.58773E+05  0.81683E+05  0.10213E+06  0.10341E+06  0.10144E+06  0.10160E+06  0.10292E+06  0.10423E+06  0.10554E+06
      1.750  0.00000E+00  0.00000E+00  0.48852E+05  0.73968E+05  0.96910E+05  0.98553E+05  0.95836E+05  0.95919E+05  0.97443E+05  0.98968E+05  0.10049E+06
      1.983  0.00000E+00  0.00000E+00  0.45193E+05  0.67289E+05  0.88433E+05  0.89859E+05  0.87491E+05  0.87623E+05  0.89073E+05  0.90523E+05  0.91974E+05
      2.217  0.00000E+00  0.00000E+00  0.42254E+05  0.61419E+05  0.78922E+05  0.80136E+05  0.77941E+05  0.78011E+05  0.79248E+05  0.80484E+05  0.81721E+05
      2.567  0.00000E+00  0.00000E+00  0.38929E+05  0.53827E+05  0.63103E+05  0.64003E+05  0.61810E+05  0.61615E+05  0.62324E+05  0.63032E+05  0.63740E+05
      3.033  0.00000E+00  0.00000E+00  0.34786E+05  0.42831E+05  0.44559E+05  0.39834E+05  0.35724E+05  0.34907E+05  0.35327E+05  0.35748E+05  0.36168E+05
      3.500  0.00000E+00  0.00000E+00  0.25066E+05  0.32569E+05  0.29442E+05  0.23088E+05  0.20510E+05  0.20144E+05  0.20703E+05  0.21262E+05  0.21821E+05
      3.967  0.00000E+00  0.00000E+00  0.17414E+05  0.24280E+05  0.19118E+05  0.15144E+05  0.14456E+05  0.14516E+05  0.14979E+05  0.15443E+05  0.15906E+05
      4.433  0.00000E+00  0.00000E+00  0.12875E+05  0.17840E+05  0.14205E+05  0.12585E+05  0.12646E+05  0.12821E+05  0.13138E+05  0.13455E+05  0.13773E+05
      4.900  0.00000E+00  0.00000E+00  0.10972E+05  0.14592E+05  0.12409E+05  0.11935E+05  0.12166E+05  0.12317E+05  0.12504E+05  0.12691E+05  0.12878E+05
      5.367  0.00000E+00  0.00000E+00  0.99300E+04  0.12515E+05  0.11230E+05  0.11141E+05  0.11346E+05  0.11451E+05  0.11560E+05  0.11668E+05  0.11780E+05
      5.833  0.00000E+00  0.00000E+00  0.97179E+04  0.11091E+05  0.10516E+05  0.10652E+05  0.10864E+05  0.10950E+05  0.11017E+05  0.11083E+05  0.11150E+05
      6.300  0.00000E+00  0.00000E+00  0.10106E+05  0.10018E+05  0.10079E+05  0.10501E+05  0.10757E+05  0.10843E+05  0.10888E+05  0.10933E+05  0.10978E+05
      6.767  0.00000E+00  0.00000E+00  0.97677E+04  0.96126E+04  0.99754E+04  0.10736E+05  0.11132E+05  0.11242E+05  0.11264E+05  0.11286E+05  0.11309E+05
      7.078  0.00000E+00  0.00000E+00  0.00000E+00  0.00000E+00  0.00000E+00  0.00000E+00  0.00000E+00  0.00000E+00  0.00000E+00  0.00000E+00  0.00000E+00
      7.233  0.00000E+00  0.00000E+00  0.00000E+00  0.00000E+00  0.00000E+00  0.00000E+00  0.00000E+00  0.00000E+00  0.00000E+00  0.00000E+00  0.00000E+00
      7.810  0.00000E+00  0.00000E+00  0.00000E+00  0.00000E+00  0.00000E+00  0.00000E+00  0.00000E+00  0.00000E+00  0.00000E+00  0.00000E+00  0.00000E+00
      8.810  0.00000E+00  0.00000E+00  0.00000E+00  0.00000E+00  0.00000E+00  0.00000E+00  0.00000E+00  0.00000E+00  0.00000E+00  0.00000E+00  0.00000E+00
      9.810  0.00000E+00  0.00000E+00  0.00000E+00  0.00000E+00  0.00000E+00  0.00000E+00  0.00000E+00  0.00000E+00  0.00000E+00  0.00000E+00  0.00000E+00
     10.310  0.00000E+00  0.00000E+00  0.00000E+00  0.00000E+00  0.00000E+00  0.00000E+00  0.00000E+00  0.00000E+00  0.00000E+00  0.00000E+00  0.00000E+00

    x  /  y   1.7500       2.0000       2.4000       2.8000       3.1550       3.3100    
     -0.310  0.00000E+00  0.00000E+00  0.00000E+00  0.00000E+00  0.00000E+00  0.00000E+00
     -0.155  0.00000E+00  0.00000E+00  0.00000E+00  0.00000E+00  0.00000E+00  0.00000E+00
      0.117  0.17750E+06  0.17874E+06  0.16708E+06  0.13960E+06  0.00000E+00  0.00000E+00
      0.350  0.15806E+06  0.15978E+06  0.15049E+06  0.12412E+06  0.00000E+00  0.00000E+00
      0.583  0.13863E+06  0.14083E+06  0.13391E+06  0.10863E+06  0.00000E+00  0.00000E+00
      0.817  0.12388E+06  0.12645E+06  0.12041E+06  0.95360E+05  0.00000E+00  0.00000E+00
      1.050  0.11382E+06  0.11664E+06  0.10999E+06  0.84315E+05  0.00000E+00  0.00000E+00
      1.283  0.10818E+06  0.11134E+06  0.10342E+06  0.76110E+05  0.00000E+00  0.00000E+00
      1.517  0.10697E+06  0.11054E+06  0.10070E+06  0.70746E+05  0.00000E+00  0.00000E+00
      1.750  0.10220E+06  0.10655E+06  0.96936E+05  0.66503E+05  0.00000E+00  0.00000E+00
      1.983  0.93883E+05  0.99368E+05  0.92121E+05  0.63383E+05  0.00000E+00  0.00000E+00
      2.217  0.83658E+05  0.89803E+05  0.84968E+05  0.59978E+05  0.00000E+00  0.00000E+00
      2.567  0.65461E+05  0.71876E+05  0.70733E+05  0.54441E+05  0.00000E+00  0.00000E+00
      3.033  0.37831E+05  0.44974E+05  0.51682E+05  0.38984E+05  0.00000E+00  0.00000E+00
      3.500  0.23019E+05  0.27834E+05  0.36211E+05  0.25952E+05  0.00000E+00  0.00000E+00
      3.967  0.16611E+05  0.19223E+05  0.24906E+05  0.18279E+05  0.00000E+00  0.00000E+00
      4.433  0.14192E+05  0.15642E+05  0.18775E+05  0.14681E+05  0.00000E+00  0.00000E+00
      4.900  0.13106E+05  0.13855E+05  0.15431E+05  0.12653E+05  0.00000E+00  0.00000E+00
      5.367  0.11911E+05  0.12319E+05  0.13097E+05  0.12373E+05  0.00000E+00  0.00000E+00
      5.833  0.11225E+05  0.11448E+05  0.11711E+05  0.11401E+05  0.00000E+00  0.00000E+00
      6.300  0.11017E+05  0.11093E+05  0.11122E+05  0.10417E+05  0.00000E+00  0.00000E+00
      6.767  0.11277E+05  0.11068E+05  0.10849E+05  0.11439E+05  0.00000E+00  0.00000E+00
      7.078  0.00000E+00  0.00000E+00  0.00000E+00  0.00000E+00  0.00000E+00  0.00000E+00
      7.233  0.00000E+00  0.00000E+00  0.00000E+00  0.00000E+00  0.00000E+00  0.00000E+00
      7.810  0.00000E+00  0.00000E+00  0.00000E+00  0.00000E+00  0.00000E+00  0.00000E+00
      8.810  0.00000E+00  0.00000E+00  0.00000E+00  0.00000E+00  0.00000E+00  0.00000E+00
      9.810  0.00000E+00  0.00000E+00  0.00000E+00  0.00000E+00  0.00000E+00  0.00000E+00
     10.310  0.00000E+00  0.00000E+00  0.00000E+00  0.00000E+00  0.00000E+00  0.00000E+00
