   792385.814153820        input qc_tot
   125635.654411042        maximum flux input value
   8064.30071726724        minimum flux input value
        
   1070945.22321400        relaxed total qrs
   178847.568148002        maximum flux relaxed value
   8217.64544916165        minimum flux relaxed value

         relaxed surface radiation heat flux (W/m**2)

    x  /  y -0.31000     -0.15500      0.15000      0.45000      0.75000       1.0500       1.2500       1.3500       1.4500       1.5500       1.6500    
     -0.310  0.00000E+00  0.00000E+00  0.00000E+00  0.00000E+00  0.00000E+00  0.00000E+00  0.00000E+00  0.00000E+00  0.00000E+00  0.00000E+00  0.00000E+00
     -0.155  0.00000E+00  0.00000E+00  0.00000E+00  0.00000E+00  0.00000E+00  0.00000E+00  0.00000E+00  0.00000E+00  0.00000E+00  0.00000E+00  0.00000E+00
      0.117  0.00000E+00  0.00000E+00  0.13099E+06  0.15389E+06  0.16918E+06  0.17752E+06  0.17861E+06  0.17885E+06  0.17877E+06  0.17870E+06  0.17862E+06
      0.350  0.00000E+00  0.00000E+00  0.11571E+06  0.13732E+06  0.15155E+06  0.15871E+06  0.15927E+06  0.15918E+06  0.15871E+06  0.15825E+06  0.15779E+06
      0.583  0.00000E+00  0.00000E+00  0.10043E+06  0.12076E+06  0.13392E+06  0.13991E+06  0.13992E+06  0.13950E+06  0.13865E+06  0.13781E+06  0.13696E+06
      0.817  0.00000E+00  0.00000E+00  0.87649E+05  0.10692E+06  0.11969E+06  0.12422E+06  0.12344E+06  0.12293E+06  0.12231E+06  0.12169E+06  0.12106E+06
      1.050  0.00000E+00  0.00000E+00  0.77365E+05  0.95823E+05  0.10885E+06  0.11166E+06  0.10982E+06  0.10947E+06  0.10968E+06  0.10989E+06  0.11011E+06
      1.283  0.00000E+00  0.00000E+00  0.68588E+05  0.88666E+05  0.10218E+06  0.10470E+06  0.10195E+06  0.10149E+06  0.10194E+06  0.10238E+06  0.10283E+06
      1.517  0.00000E+00  0.00000E+00  0.61318E+05  0.85453E+05  0.99700E+05  0.10333E+06  0.99830E+05  0.98996E+05  0.99079E+05  0.99163E+05  0.99246E+05
      1.750  0.00000E+00  0.00000E+00  0.56537E+05  0.82307E+05  0.96391E+05  0.10047E+06  0.96729E+05  0.95635E+05  0.95315E+05  0.94995E+05  0.94676E+05
      1.983  0.00000E+00  0.00000E+00  0.54246E+05  0.79228E+05  0.92257E+05  0.96094E+05  0.92644E+05  0.91402E+05  0.90643E+05  0.89883E+05  0.89124E+05
      2.217  0.00000E+00  0.00000E+00  0.51459E+05  0.74472E+05  0.86087E+05  0.89414E+05  0.86540E+05  0.85391E+05  0.84531E+05  0.83671E+05  0.82810E+05
      2.567  0.00000E+00  0.00000E+00  0.46535E+05  0.64821E+05  0.73776E+05  0.75931E+05  0.74354E+05  0.73708E+05  0.73204E+05  0.72700E+05  0.72196E+05
      3.033  0.00000E+00  0.00000E+00  0.40640E+05  0.49912E+05  0.53797E+05  0.53596E+05  0.52693E+05  0.52443E+05  0.52396E+05  0.52349E+05  0.52302E+05
      3.500  0.00000E+00  0.00000E+00  0.28925E+05  0.37523E+05  0.37570E+05  0.33911E+05  0.32543E+05  0.32100E+05  0.31899E+05  0.31697E+05  0.31496E+05
      3.967  0.00000E+00  0.00000E+00  0.19749E+05  0.27770E+05  0.25895E+05  0.21084E+05  0.20223E+05  0.19898E+05  0.19679E+05  0.19459E+05  0.19240E+05
      4.433  0.00000E+00  0.00000E+00  0.14009E+05  0.19949E+05  0.18438E+05  0.15107E+05  0.14738E+05  0.14551E+05  0.14363E+05  0.14174E+05  0.13985E+05
      4.900  0.00000E+00  0.00000E+00  0.11198E+05  0.15554E+05  0.14682E+05  0.12706E+05  0.12558E+05  0.12464E+05  0.12344E+05  0.12224E+05  0.12104E+05
      5.367  0.00000E+00  0.00000E+00  0.98698E+04  0.12911E+05  0.12469E+05  0.11299E+05  0.11238E+05  0.11188E+05  0.11120E+05  0.11051E+05  0.10982E+05
      5.833  0.00000E+00  0.00000E+00  0.97233E+04  0.11200E+05  0.11034E+05  0.10477E+05  0.10459E+05  0.10429E+05  0.10378E+05  0.10327E+05  0.10277E+05
      6.300  0.00000E+00  0.00000E+00  0.10478E+05  0.10087E+05  0.10008E+05  0.10024E+05  0.10048E+05  0.10040E+05  0.10011E+05  0.99830E+04  0.99545E+04
      6.767  0.00000E+00  0.00000E+00  0.13690E+05  0.10250E+05  0.94312E+04  0.98470E+04  0.98901E+04  0.99025E+04  0.99058E+04  0.99090E+04  0.99122E+04
      7.078  0.00000E+00  0.00000E+00  0.00000E+00  0.00000E+00  0.00000E+00  0.00000E+00  0.00000E+00  0.00000E+00  0.00000E+00  0.00000E+00  0.00000E+00
      7.233  0.00000E+00  0.00000E+00  0.00000E+00  0.00000E+00  0.00000E+00  0.00000E+00  0.00000E+00  0.00000E+00  0.00000E+00  0.00000E+00  0.00000E+00
      7.810  0.00000E+00  0.00000E+00  0.00000E+00  0.00000E+00  0.00000E+00  0.00000E+00  0.00000E+00  0.00000E+00  0.00000E+00  0.00000E+00  0.00000E+00
      8.810  0.00000E+00  0.00000E+00  0.00000E+00  0.00000E+00  0.00000E+00  0.00000E+00  0.00000E+00  0.00000E+00  0.00000E+00  0.00000E+00  0.00000E+00
      9.810  0.00000E+00  0.00000E+00  0.00000E+00  0.00000E+00  0.00000E+00  0.00000E+00  0.00000E+00  0.00000E+00  0.00000E+00  0.00000E+00  0.00000E+00
     10.310  0.00000E+00  0.00000E+00  0.00000E+00  0.00000E+00  0.00000E+00  0.00000E+00  0.00000E+00  0.00000E+00  0.00000E+00  0.00000E+00  0.00000E+00

    x  /  y   1.7500       2.0000       2.4000       2.8000       3.1550       3.3100    
     -0.310  0.00000E+00  0.00000E+00  0.00000E+00  0.00000E+00  0.00000E+00  0.00000E+00
     -0.155  0.00000E+00  0.00000E+00  0.00000E+00  0.00000E+00  0.00000E+00  0.00000E+00
      0.117  0.17547E+06  0.15952E+06  0.15584E+06  0.15530E+06  0.00000E+00  0.00000E+00
      0.350  0.15537E+06  0.14419E+06  0.14166E+06  0.13857E+06  0.00000E+00  0.00000E+00
      0.583  0.13528E+06  0.12885E+06  0.12749E+06  0.12183E+06  0.00000E+00  0.00000E+00
      0.817  0.12011E+06  0.11684E+06  0.11522E+06  0.10622E+06  0.00000E+00  0.00000E+00
      1.050  0.10986E+06  0.10815E+06  0.10486E+06  0.91727E+05  0.00000E+00  0.00000E+00
      1.283  0.10316E+06  0.10377E+06  0.97811E+05  0.77675E+05  0.00000E+00  0.00000E+00
      1.517  0.10001E+06  0.10371E+06  0.94063E+05  0.64065E+05  0.00000E+00  0.00000E+00
      1.750  0.95371E+05  0.99754E+05  0.88646E+05  0.54978E+05  0.00000E+00  0.00000E+00
      1.983  0.89242E+05  0.91907E+05  0.81559E+05  0.50415E+05  0.00000E+00  0.00000E+00
      2.217  0.82458E+05  0.82988E+05  0.73593E+05  0.46943E+05  0.00000E+00  0.00000E+00
      2.567  0.71299E+05  0.67999E+05  0.60324E+05  0.43369E+05  0.00000E+00  0.00000E+00
      3.033  0.51731E+05  0.48568E+05  0.44895E+05  0.30603E+05  0.00000E+00  0.00000E+00
      3.500  0.30945E+05  0.28235E+05  0.30865E+05  0.19698E+05  0.00000E+00  0.00000E+00
      3.967  0.18817E+05  0.17007E+05  0.20271E+05  0.13509E+05  0.00000E+00  0.00000E+00
      4.433  0.13692E+05  0.12591E+05  0.14573E+05  0.10988E+05  0.00000E+00  0.00000E+00
      4.900  0.11920E+05  0.11256E+05  0.12170E+05  0.10174E+05  0.00000E+00  0.00000E+00
      5.367  0.10851E+05  0.10341E+05  0.10519E+05  0.10344E+05  0.00000E+00  0.00000E+00
      5.833  0.10172E+05  0.97551E+04  0.93988E+04  0.95130E+04  0.00000E+00  0.00000E+00
      6.300  0.98736E+04  0.95291E+04  0.88026E+04  0.86122E+04  0.00000E+00  0.00000E+00
      6.767  0.98719E+04  0.96518E+04  0.82176E+04  0.89102E+04  0.00000E+00  0.00000E+00
      7.078  0.00000E+00  0.00000E+00  0.00000E+00  0.00000E+00  0.00000E+00  0.00000E+00
      7.233  0.00000E+00  0.00000E+00  0.00000E+00  0.00000E+00  0.00000E+00  0.00000E+00
      7.810  0.00000E+00  0.00000E+00  0.00000E+00  0.00000E+00  0.00000E+00  0.00000E+00
      8.810  0.00000E+00  0.00000E+00  0.00000E+00  0.00000E+00  0.00000E+00  0.00000E+00
      9.810  0.00000E+00  0.00000E+00  0.00000E+00  0.00000E+00  0.00000E+00  0.00000E+00
     10.310  0.00000E+00  0.00000E+00  0.00000E+00  0.00000E+00  0.00000E+00  0.00000E+00
