   792385.814153820        input qc_tot_r
   125635.654411042        maximum flux input value
   8064.30071726724        minimum flux input value
        
   1070945.22321400        adjusted total qrs_r
   169802.262425096        maximum flux adjusted value
   10899.2667176170        minimum flux adjusted value

         adjusted surface radiation heat flux (W/m**2)

    x  /  y -0.31000     -0.15500      0.15000      0.45000      0.75000       1.0500       1.2500       1.3500       1.4500       1.5500       1.6500    
     -0.310  0.00000E+00  0.00000E+00  0.00000E+00  0.00000E+00  0.00000E+00  0.00000E+00  0.00000E+00  0.00000E+00  0.00000E+00  0.00000E+00  0.00000E+00
     -0.155  0.00000E+00  0.00000E+00  0.00000E+00  0.00000E+00  0.00000E+00  0.00000E+00  0.00000E+00  0.00000E+00  0.00000E+00  0.00000E+00  0.00000E+00
      0.117  0.00000E+00  0.00000E+00  0.13198E+06  0.14965E+06  0.16037E+06  0.16717E+06  0.16809E+06  0.16853E+06  0.16895E+06  0.16938E+06  0.16980E+06
      0.350  0.00000E+00  0.00000E+00  0.11772E+06  0.13314E+06  0.14233E+06  0.14777E+06  0.14850E+06  0.14871E+06  0.14875E+06  0.14880E+06  0.14884E+06
      0.583  0.00000E+00  0.00000E+00  0.10346E+06  0.11663E+06  0.12430E+06  0.12837E+06  0.12892E+06  0.12888E+06  0.12855E+06  0.12821E+06  0.12788E+06
      0.817  0.00000E+00  0.00000E+00  0.91560E+05  0.10325E+06  0.11019E+06  0.11264E+06  0.11248E+06  0.11237E+06  0.11223E+06  0.11209E+06  0.11195E+06
      1.050  0.00000E+00  0.00000E+00  0.82017E+05  0.93005E+05  0.10002E+06  0.10059E+06  0.99192E+05  0.99158E+05  0.99791E+05  0.10042E+06  0.10106E+06
      1.283  0.00000E+00  0.00000E+00  0.74059E+05  0.87361E+05  0.94866E+05  0.94595E+05  0.91931E+05  0.91684E+05  0.92522E+05  0.93360E+05  0.94198E+05
      1.517  0.00000E+00  0.00000E+00  0.67686E+05  0.86323E+05  0.94740E+05  0.94655E+05  0.90698E+05  0.89947E+05  0.90423E+05  0.90899E+05  0.91375E+05
      1.750  0.00000E+00  0.00000E+00  0.63498E+05  0.85042E+05  0.93883E+05  0.93620E+05  0.89019E+05  0.87907E+05  0.87983E+05  0.88060E+05  0.88136E+05
      1.983  0.00000E+00  0.00000E+00  0.61496E+05  0.83517E+05  0.92295E+05  0.91488E+05  0.86892E+05  0.85563E+05  0.85202E+05  0.84840E+05  0.84479E+05
      2.217  0.00000E+00  0.00000E+00  0.58856E+05  0.79790E+05  0.88427E+05  0.87290E+05  0.82990E+05  0.81593E+05  0.80949E+05  0.80304E+05  0.79660E+05
      2.567  0.00000E+00  0.00000E+00  0.53939E+05  0.70893E+05  0.79202E+05  0.77892E+05  0.74473E+05  0.73199E+05  0.72361E+05  0.71523E+05  0.70685E+05
      3.033  0.00000E+00  0.00000E+00  0.43999E+05  0.54133E+05  0.59192E+05  0.58140E+05  0.56255E+05  0.55550E+05  0.55080E+05  0.54611E+05  0.54142E+05
      3.500  0.00000E+00  0.00000E+00  0.30206E+05  0.39601E+05  0.39894E+05  0.36068E+05  0.34698E+05  0.34160E+05  0.33768E+05  0.33375E+05  0.32983E+05
      3.967  0.00000E+00  0.00000E+00  0.21120E+05  0.29205E+05  0.27316E+05  0.22730E+05  0.22225E+05  0.21972E+05  0.21717E+05  0.21462E+05  0.21208E+05
      4.433  0.00000E+00  0.00000E+00  0.15531E+05  0.21049E+05  0.19674E+05  0.16931E+05  0.16839E+05  0.16710E+05  0.16499E+05  0.16288E+05  0.16076E+05
      4.900  0.00000E+00  0.00000E+00  0.13054E+05  0.16787E+05  0.16110E+05  0.14575E+05  0.14554E+05  0.14481E+05  0.14343E+05  0.14206E+05  0.14068E+05
      5.367  0.00000E+00  0.00000E+00  0.12254E+05  0.14497E+05  0.14198E+05  0.13290E+05  0.13297E+05  0.13259E+05  0.13180E+05  0.13102E+05  0.13024E+05
      5.833  0.00000E+00  0.00000E+00  0.12823E+05  0.13155E+05  0.13019E+05  0.12605E+05  0.12603E+05  0.12578E+05  0.12530E+05  0.12481E+05  0.12433E+05
      6.300  0.00000E+00  0.00000E+00  0.12682E+05  0.12425E+05  0.12513E+05  0.12454E+05  0.12439E+05  0.12423E+05  0.12398E+05  0.12373E+05  0.12348E+05
      6.767  0.00000E+00  0.00000E+00  0.17032E+05  0.13475E+05  0.12385E+05  0.12521E+05  0.12429E+05  0.12408E+05  0.12410E+05  0.12413E+05  0.12416E+05
      7.078  0.00000E+00  0.00000E+00  0.00000E+00  0.00000E+00  0.00000E+00  0.00000E+00  0.00000E+00  0.00000E+00  0.00000E+00  0.00000E+00  0.00000E+00
      7.233  0.00000E+00  0.00000E+00  0.00000E+00  0.00000E+00  0.00000E+00  0.00000E+00  0.00000E+00  0.00000E+00  0.00000E+00  0.00000E+00  0.00000E+00
      7.810  0.00000E+00  0.00000E+00  0.00000E+00  0.00000E+00  0.00000E+00  0.00000E+00  0.00000E+00  0.00000E+00  0.00000E+00  0.00000E+00  0.00000E+00
      8.810  0.00000E+00  0.00000E+00  0.00000E+00  0.00000E+00  0.00000E+00  0.00000E+00  0.00000E+00  0.00000E+00  0.00000E+00  0.00000E+00  0.00000E+00
      9.810  0.00000E+00  0.00000E+00  0.00000E+00  0.00000E+00  0.00000E+00  0.00000E+00  0.00000E+00  0.00000E+00  0.00000E+00  0.00000E+00  0.00000E+00
     10.310  0.00000E+00  0.00000E+00  0.00000E+00  0.00000E+00  0.00000E+00  0.00000E+00  0.00000E+00  0.00000E+00  0.00000E+00  0.00000E+00  0.00000E+00

    x  /  y   1.7500       2.0000       2.4000       2.8000       3.1550       3.3100    
     -0.310  0.00000E+00  0.00000E+00  0.00000E+00  0.00000E+00  0.00000E+00  0.00000E+00
     -0.155  0.00000E+00  0.00000E+00  0.00000E+00  0.00000E+00  0.00000E+00  0.00000E+00
      0.117  0.16831E+06  0.15969E+06  0.15665E+06  0.14896E+06  0.00000E+00  0.00000E+00
      0.350  0.14769E+06  0.14177E+06  0.13984E+06  0.13190E+06  0.00000E+00  0.00000E+00
      0.583  0.12708E+06  0.12385E+06  0.12303E+06  0.11483E+06  0.00000E+00  0.00000E+00
      0.817  0.11164E+06  0.11042E+06  0.10920E+06  0.99174E+05  0.00000E+00  0.00000E+00
      1.050  0.10138E+06  0.10147E+06  0.98359E+05  0.84919E+05  0.00000E+00  0.00000E+00
      1.283  0.94996E+05  0.96969E+05  0.91450E+05  0.72255E+05  0.00000E+00  0.00000E+00
      1.517  0.92491E+05  0.96909E+05  0.88472E+05  0.61181E+05  0.00000E+00  0.00000E+00
      1.750  0.89064E+05  0.93549E+05  0.84708E+05  0.53827E+05  0.00000E+00  0.00000E+00
      1.983  0.84715E+05  0.86887E+05  0.80159E+05  0.50195E+05  0.00000E+00  0.00000E+00
      2.217  0.79350E+05  0.79492E+05  0.73861E+05  0.47642E+05  0.00000E+00  0.00000E+00
      2.567  0.69781E+05  0.67298E+05  0.61789E+05  0.45432E+05  0.00000E+00  0.00000E+00
      3.033  0.53362E+05  0.50197E+05  0.46786E+05  0.31788E+05  0.00000E+00  0.00000E+00
      3.500  0.32360E+05  0.29782E+05  0.32260E+05  0.21391E+05  0.00000E+00  0.00000E+00
      3.967  0.20748E+05  0.18929E+05  0.21508E+05  0.15746E+05  0.00000E+00  0.00000E+00
      4.433  0.15774E+05  0.14740E+05  0.16310E+05  0.13592E+05  0.00000E+00  0.00000E+00
      4.900  0.13860E+05  0.13136E+05  0.13872E+05  0.12704E+05  0.00000E+00  0.00000E+00
      5.367  0.12872E+05  0.12289E+05  0.12463E+05  0.13602E+05  0.00000E+00  0.00000E+00
      5.833  0.12320E+05  0.11851E+05  0.11531E+05  0.11669E+05  0.00000E+00  0.00000E+00
      6.300  0.12259E+05  0.11856E+05  0.11283E+05  0.10972E+05  0.00000E+00  0.00000E+00
      6.767  0.12369E+05  0.12104E+05  0.10899E+05  0.11811E+05  0.00000E+00  0.00000E+00
      7.078  0.00000E+00  0.00000E+00  0.00000E+00  0.00000E+00  0.00000E+00  0.00000E+00
      7.233  0.00000E+00  0.00000E+00  0.00000E+00  0.00000E+00  0.00000E+00  0.00000E+00
      7.810  0.00000E+00  0.00000E+00  0.00000E+00  0.00000E+00  0.00000E+00  0.00000E+00
      8.810  0.00000E+00  0.00000E+00  0.00000E+00  0.00000E+00  0.00000E+00  0.00000E+00
      9.810  0.00000E+00  0.00000E+00  0.00000E+00  0.00000E+00  0.00000E+00  0.00000E+00
     10.310  0.00000E+00  0.00000E+00  0.00000E+00  0.00000E+00  0.00000E+00  0.00000E+00
