   820014.528694317        input qc_tot_r
   128468.155804802        maximum flux input value
   8630.10133943013        minimum flux input value
        
   1070986.58059882        adjusted total qrs_r
   167786.869728146        maximum flux adjusted value
   11271.4133717295        minimum flux adjusted value

         adjusted surface radiation heat flux (W/m**2)

    x  /  y -0.31000     -0.15500      0.15000      0.45000      0.75000       1.0500       1.2500       1.3500       1.4500       1.5500       1.6500    
     -0.310  0.00000E+00  0.00000E+00  0.00000E+00  0.00000E+00  0.00000E+00  0.00000E+00  0.00000E+00  0.00000E+00  0.00000E+00  0.00000E+00  0.00000E+00
     -0.155  0.00000E+00  0.00000E+00  0.00000E+00  0.00000E+00  0.00000E+00  0.00000E+00  0.00000E+00  0.00000E+00  0.00000E+00  0.00000E+00  0.00000E+00
      0.117  0.00000E+00  0.00000E+00  0.13081E+06  0.14741E+06  0.15730E+06  0.16422E+06  0.16553E+06  0.16614E+06  0.16669E+06  0.16724E+06  0.16779E+06
      0.350  0.00000E+00  0.00000E+00  0.11687E+06  0.13126E+06  0.13979E+06  0.14535E+06  0.14643E+06  0.14678E+06  0.14694E+06  0.14710E+06  0.14727E+06
      0.583  0.00000E+00  0.00000E+00  0.10293E+06  0.11511E+06  0.12227E+06  0.12649E+06  0.12732E+06  0.12742E+06  0.12720E+06  0.12697E+06  0.12675E+06
      0.817  0.00000E+00  0.00000E+00  0.91391E+05  0.10208E+06  0.10860E+06  0.11125E+06  0.11139E+06  0.11134E+06  0.11116E+06  0.11099E+06  0.11081E+06
      1.050  0.00000E+00  0.00000E+00  0.82244E+05  0.92165E+05  0.98779E+05  0.99644E+05  0.98637E+05  0.98540E+05  0.98851E+05  0.99162E+05  0.99473E+05
      1.283  0.00000E+00  0.00000E+00  0.74644E+05  0.86780E+05  0.93835E+05  0.93839E+05  0.91843E+05  0.91557E+05  0.91982E+05  0.92407E+05  0.92833E+05
      1.517  0.00000E+00  0.00000E+00  0.68589E+05  0.85922E+05  0.93772E+05  0.93834E+05  0.91013E+05  0.90392E+05  0.90559E+05  0.90727E+05  0.90895E+05
      1.750  0.00000E+00  0.00000E+00  0.64662E+05  0.84878E+05  0.93103E+05  0.92870E+05  0.89309E+05  0.88371E+05  0.88276E+05  0.88180E+05  0.88085E+05
      1.983  0.00000E+00  0.00000E+00  0.62864E+05  0.83647E+05  0.91829E+05  0.90944E+05  0.86732E+05  0.85496E+05  0.85132E+05  0.84767E+05  0.84403E+05
      2.217  0.00000E+00  0.00000E+00  0.60411E+05  0.80218E+05  0.88277E+05  0.86933E+05  0.82651E+05  0.81292E+05  0.80715E+05  0.80137E+05  0.79560E+05
      2.567  0.00000E+00  0.00000E+00  0.55749E+05  0.71773E+05  0.79532E+05  0.77789E+05  0.74276E+05  0.72991E+05  0.72178E+05  0.71365E+05  0.70552E+05
      3.033  0.00000E+00  0.00000E+00  0.44367E+05  0.55103E+05  0.60247E+05  0.58748E+05  0.56628E+05  0.55833E+05  0.55301E+05  0.54770E+05  0.54239E+05
      3.500  0.00000E+00  0.00000E+00  0.30363E+05  0.40083E+05  0.40450E+05  0.36624E+05  0.35181E+05  0.34599E+05  0.34155E+05  0.33711E+05  0.33267E+05
      3.967  0.00000E+00  0.00000E+00  0.20826E+05  0.29029E+05  0.27492E+05  0.23275E+05  0.22797E+05  0.22537E+05  0.22255E+05  0.21973E+05  0.21691E+05
      4.433  0.00000E+00  0.00000E+00  0.15817E+05  0.21218E+05  0.19946E+05  0.17386E+05  0.17296E+05  0.17164E+05  0.16943E+05  0.16723E+05  0.16503E+05
      4.900  0.00000E+00  0.00000E+00  0.13380E+05  0.16888E+05  0.16240E+05  0.14823E+05  0.14793E+05  0.14713E+05  0.14567E+05  0.14421E+05  0.14275E+05
      5.367  0.00000E+00  0.00000E+00  0.12565E+05  0.14556E+05  0.14278E+05  0.13437E+05  0.13417E+05  0.13372E+05  0.13291E+05  0.13210E+05  0.13129E+05
      5.833  0.00000E+00  0.00000E+00  0.12865E+05  0.13243E+05  0.13091E+05  0.12691E+05  0.12680E+05  0.12652E+05  0.12601E+05  0.12549E+05  0.12498E+05
      6.300  0.00000E+00  0.00000E+00  0.13090E+05  0.12665E+05  0.12729E+05  0.12586E+05  0.12543E+05  0.12516E+05  0.12484E+05  0.12452E+05  0.12420E+05
      6.767  0.00000E+00  0.00000E+00  0.18402E+05  0.13880E+05  0.12420E+05  0.12709E+05  0.12572E+05  0.12531E+05  0.12517E+05  0.12504E+05  0.12491E+05
      7.078  0.00000E+00  0.00000E+00  0.00000E+00  0.00000E+00  0.00000E+00  0.00000E+00  0.00000E+00  0.00000E+00  0.00000E+00  0.00000E+00  0.00000E+00
      7.233  0.00000E+00  0.00000E+00  0.00000E+00  0.00000E+00  0.00000E+00  0.00000E+00  0.00000E+00  0.00000E+00  0.00000E+00  0.00000E+00  0.00000E+00
      7.810  0.00000E+00  0.00000E+00  0.00000E+00  0.00000E+00  0.00000E+00  0.00000E+00  0.00000E+00  0.00000E+00  0.00000E+00  0.00000E+00  0.00000E+00
      8.810  0.00000E+00  0.00000E+00  0.00000E+00  0.00000E+00  0.00000E+00  0.00000E+00  0.00000E+00  0.00000E+00  0.00000E+00  0.00000E+00  0.00000E+00
      9.810  0.00000E+00  0.00000E+00  0.00000E+00  0.00000E+00  0.00000E+00  0.00000E+00  0.00000E+00  0.00000E+00  0.00000E+00  0.00000E+00  0.00000E+00
     10.310  0.00000E+00  0.00000E+00  0.00000E+00  0.00000E+00  0.00000E+00  0.00000E+00  0.00000E+00  0.00000E+00  0.00000E+00  0.00000E+00  0.00000E+00

    x  /  y   1.7500       2.0000       2.4000       2.8000       3.1550       3.3100    
     -0.310  0.00000E+00  0.00000E+00  0.00000E+00  0.00000E+00  0.00000E+00  0.00000E+00
     -0.155  0.00000E+00  0.00000E+00  0.00000E+00  0.00000E+00  0.00000E+00  0.00000E+00
      0.117  0.16654E+06  0.15885E+06  0.15600E+06  0.14796E+06  0.00000E+00  0.00000E+00
      0.350  0.14631E+06  0.14108E+06  0.13932E+06  0.13101E+06  0.00000E+00  0.00000E+00
      0.583  0.12609E+06  0.12332E+06  0.12265E+06  0.11407E+06  0.00000E+00  0.00000E+00
      0.817  0.11060E+06  0.10998E+06  0.10898E+06  0.98572E+05  0.00000E+00  0.00000E+00
      1.050  0.99862E+05  0.10107E+06  0.98312E+05  0.84521E+05  0.00000E+00  0.00000E+00
      1.283  0.93624E+05  0.96569E+05  0.91467E+05  0.72101E+05  0.00000E+00  0.00000E+00
      1.517  0.91890E+05  0.96481E+05  0.88440E+05  0.61313E+05  0.00000E+00  0.00000E+00
      1.750  0.88902E+05  0.93268E+05  0.84684E+05  0.54088E+05  0.00000E+00  0.00000E+00
      1.983  0.84660E+05  0.86931E+05  0.80200E+05  0.50429E+05  0.00000E+00  0.00000E+00
      2.217  0.79337E+05  0.79715E+05  0.73981E+05  0.47860E+05  0.00000E+00  0.00000E+00
      2.567  0.69728E+05  0.67575E+05  0.62050E+05  0.45645E+05  0.00000E+00  0.00000E+00
      3.033  0.53451E+05  0.50395E+05  0.46905E+05  0.31988E+05  0.00000E+00  0.00000E+00
      3.500  0.32613E+05  0.30032E+05  0.32714E+05  0.21899E+05  0.00000E+00  0.00000E+00
      3.967  0.21219E+05  0.19413E+05  0.21989E+05  0.16321E+05  0.00000E+00  0.00000E+00
      4.433  0.16189E+05  0.15129E+05  0.16668E+05  0.13979E+05  0.00000E+00  0.00000E+00
      4.900  0.14064E+05  0.13343E+05  0.14067E+05  0.12962E+05  0.00000E+00  0.00000E+00
      5.367  0.12976E+05  0.12396E+05  0.12603E+05  0.13853E+05  0.00000E+00  0.00000E+00
      5.833  0.12383E+05  0.11918E+05  0.11703E+05  0.11867E+05  0.00000E+00  0.00000E+00
      6.300  0.12328E+05  0.11927E+05  0.11522E+05  0.11402E+05  0.00000E+00  0.00000E+00
      6.767  0.12436E+05  0.12166E+05  0.11271E+05  0.13210E+05  0.00000E+00  0.00000E+00
      7.078  0.00000E+00  0.00000E+00  0.00000E+00  0.00000E+00  0.00000E+00  0.00000E+00
      7.233  0.00000E+00  0.00000E+00  0.00000E+00  0.00000E+00  0.00000E+00  0.00000E+00
      7.810  0.00000E+00  0.00000E+00  0.00000E+00  0.00000E+00  0.00000E+00  0.00000E+00
      8.810  0.00000E+00  0.00000E+00  0.00000E+00  0.00000E+00  0.00000E+00  0.00000E+00
      9.810  0.00000E+00  0.00000E+00  0.00000E+00  0.00000E+00  0.00000E+00  0.00000E+00
     10.310  0.00000E+00  0.00000E+00  0.00000E+00  0.00000E+00  0.00000E+00  0.00000E+00
