   1094900.02555678        input qc_tot
   160686.937828803        maximum flux input value
   12244.7550451332        minimum flux input value
        
   1076076.17866339        relaxed total qrs
   157995.621590918        maximum flux relaxed value
   11802.7854899990        minimum flux relaxed value

         relaxed surface radiation heat flux (W/m**2)

    x  /  y -0.31000     -0.15500      0.15000      0.45000      0.75000       1.0500       1.2500       1.3500       1.4500       1.5500       1.6500    
     -0.310  0.00000E+00  0.00000E+00  0.00000E+00  0.00000E+00  0.00000E+00  0.00000E+00  0.00000E+00  0.00000E+00  0.00000E+00  0.00000E+00  0.00000E+00
     -0.155  0.00000E+00  0.00000E+00  0.00000E+00  0.00000E+00  0.00000E+00  0.00000E+00  0.00000E+00  0.00000E+00  0.00000E+00  0.00000E+00  0.00000E+00
      0.117  0.00000E+00  0.00000E+00  0.10577E+06  0.12336E+06  0.13173E+06  0.14097E+06  0.14576E+06  0.14822E+06  0.15075E+06  0.15328E+06  0.15581E+06
      0.350  0.00000E+00  0.00000E+00  0.94681E+05  0.11133E+06  0.11914E+06  0.12672E+06  0.13115E+06  0.13321E+06  0.13513E+06  0.13704E+06  0.13896E+06
      0.583  0.00000E+00  0.00000E+00  0.83590E+05  0.99296E+05  0.10654E+06  0.11246E+06  0.11653E+06  0.11820E+06  0.11951E+06  0.12081E+06  0.12211E+06
      0.817  0.00000E+00  0.00000E+00  0.74582E+05  0.89441E+05  0.96356E+05  0.10042E+06  0.10324E+06  0.10453E+06  0.10571E+06  0.10689E+06  0.10806E+06
      1.050  0.00000E+00  0.00000E+00  0.67658E+05  0.81761E+05  0.88578E+05  0.90597E+05  0.91265E+05  0.92200E+05  0.93737E+05  0.95273E+05  0.96810E+05
      1.283  0.00000E+00  0.00000E+00  0.61437E+05  0.77219E+05  0.84192E+05  0.85446E+05  0.84338E+05  0.84784E+05  0.86229E+05  0.87675E+05  0.89121E+05
      1.517  0.00000E+00  0.00000E+00  0.55919E+05  0.75817E+05  0.83201E+05  0.84971E+05  0.82459E+05  0.82284E+05  0.83188E+05  0.84093E+05  0.84997E+05
      1.750  0.00000E+00  0.00000E+00  0.53012E+05  0.75797E+05  0.83232E+05  0.84923E+05  0.81660E+05  0.81050E+05  0.81462E+05  0.81874E+05  0.82286E+05
      1.983  0.00000E+00  0.00000E+00  0.52716E+05  0.77159E+05  0.84285E+05  0.85303E+05  0.81938E+05  0.81082E+05  0.81051E+05  0.81020E+05  0.80989E+05
      2.217  0.00000E+00  0.00000E+00  0.52736E+05  0.77002E+05  0.83514E+05  0.83881E+05  0.80698E+05  0.79725E+05  0.79370E+05  0.79015E+05  0.78660E+05
      2.567  0.00000E+00  0.00000E+00  0.53240E+05  0.74487E+05  0.79621E+05  0.79041E+05  0.76557E+05  0.75605E+05  0.74943E+05  0.74281E+05  0.73618E+05
      3.033  0.00000E+00  0.00000E+00  0.52809E+05  0.65626E+05  0.67742E+05  0.63341E+05  0.61136E+05  0.60193E+05  0.59408E+05  0.58623E+05  0.57839E+05
      3.500  0.00000E+00  0.00000E+00  0.39363E+05  0.52796E+05  0.53176E+05  0.46915E+05  0.43938E+05  0.42890E+05  0.42283E+05  0.41675E+05  0.41067E+05
      3.967  0.00000E+00  0.00000E+00  0.28188E+05  0.39028E+05  0.38440E+05  0.32705E+05  0.31083E+05  0.30375E+05  0.29770E+05  0.29165E+05  0.28560E+05
      4.433  0.00000E+00  0.00000E+00  0.20612E+05  0.27363E+05  0.27403E+05  0.24385E+05  0.23482E+05  0.23024E+05  0.22559E+05  0.22094E+05  0.21629E+05
      4.900  0.00000E+00  0.00000E+00  0.16846E+05  0.20404E+05  0.20585E+05  0.19198E+05  0.18724E+05  0.18420E+05  0.18048E+05  0.17676E+05  0.17304E+05
      5.367  0.00000E+00  0.00000E+00  0.16216E+05  0.15930E+05  0.16279E+05  0.15845E+05  0.15706E+05  0.15587E+05  0.15420E+05  0.15254E+05  0.15087E+05
      5.833  0.00000E+00  0.00000E+00  0.13664E+05  0.14037E+05  0.14434E+05  0.14311E+05  0.14293E+05  0.14241E+05  0.14146E+05  0.14051E+05  0.13957E+05
      6.300  0.00000E+00  0.00000E+00  0.12629E+05  0.13244E+05  0.13673E+05  0.13664E+05  0.13685E+05  0.13660E+05  0.13601E+05  0.13541E+05  0.13481E+05
      6.767  0.00000E+00  0.00000E+00  0.12447E+05  0.12953E+05  0.13283E+05  0.13357E+05  0.13442E+05  0.13452E+05  0.13430E+05  0.13408E+05  0.13386E+05
      7.078  0.00000E+00  0.00000E+00  0.00000E+00  0.00000E+00  0.00000E+00  0.00000E+00  0.00000E+00  0.00000E+00  0.00000E+00  0.00000E+00  0.00000E+00
      7.233  0.00000E+00  0.00000E+00  0.00000E+00  0.00000E+00  0.00000E+00  0.00000E+00  0.00000E+00  0.00000E+00  0.00000E+00  0.00000E+00  0.00000E+00
      7.810  0.00000E+00  0.00000E+00  0.00000E+00  0.00000E+00  0.00000E+00  0.00000E+00  0.00000E+00  0.00000E+00  0.00000E+00  0.00000E+00  0.00000E+00
      8.810  0.00000E+00  0.00000E+00  0.00000E+00  0.00000E+00  0.00000E+00  0.00000E+00  0.00000E+00  0.00000E+00  0.00000E+00  0.00000E+00  0.00000E+00
      9.810  0.00000E+00  0.00000E+00  0.00000E+00  0.00000E+00  0.00000E+00  0.00000E+00  0.00000E+00  0.00000E+00  0.00000E+00  0.00000E+00  0.00000E+00
     10.310  0.00000E+00  0.00000E+00  0.00000E+00  0.00000E+00  0.00000E+00  0.00000E+00  0.00000E+00  0.00000E+00  0.00000E+00  0.00000E+00  0.00000E+00

    x  /  y   1.7500       2.0000       2.4000       2.8000       3.1550       3.3100    
     -0.310  0.00000E+00  0.00000E+00  0.00000E+00  0.00000E+00  0.00000E+00  0.00000E+00
     -0.155  0.00000E+00  0.00000E+00  0.00000E+00  0.00000E+00  0.00000E+00  0.00000E+00
      0.117  0.15730E+06  0.15800E+06  0.15769E+06  0.14380E+06  0.00000E+00  0.00000E+00
      0.350  0.14025E+06  0.14167E+06  0.14101E+06  0.12835E+06  0.00000E+00  0.00000E+00
      0.583  0.12321E+06  0.12534E+06  0.12433E+06  0.11290E+06  0.00000E+00  0.00000E+00
      0.817  0.10921E+06  0.11203E+06  0.11012E+06  0.98759E+05  0.00000E+00  0.00000E+00
      1.050  0.98274E+05  0.10174E+06  0.98390E+05  0.85936E+05  0.00000E+00  0.00000E+00
      1.283  0.90708E+05  0.94988E+05  0.89525E+05  0.73859E+05  0.00000E+00  0.00000E+00
      1.517  0.86516E+05  0.91768E+05  0.83524E+05  0.62527E+05  0.00000E+00  0.00000E+00
      1.750  0.83481E+05  0.88349E+05  0.78903E+05  0.55422E+05  0.00000E+00  0.00000E+00
      1.983  0.81603E+05  0.84730E+05  0.75660E+05  0.52546E+05  0.00000E+00  0.00000E+00
      2.217  0.78768E+05  0.80189E+05  0.72184E+05  0.50768E+05  0.00000E+00  0.00000E+00
      2.567  0.73080E+05  0.71993E+05  0.66620E+05  0.49748E+05  0.00000E+00  0.00000E+00
      3.033  0.56989E+05  0.54403E+05  0.53857E+05  0.37884E+05  0.00000E+00  0.00000E+00
      3.500  0.40403E+05  0.38285E+05  0.40554E+05  0.28806E+05  0.00000E+00  0.00000E+00
      3.967  0.27841E+05  0.25608E+05  0.26800E+05  0.20820E+05  0.00000E+00  0.00000E+00
      4.433  0.21091E+05  0.19489E+05  0.19333E+05  0.16579E+05  0.00000E+00  0.00000E+00
      4.900  0.16939E+05  0.16008E+05  0.15913E+05  0.16489E+05  0.00000E+00  0.00000E+00
      5.367  0.14892E+05  0.14319E+05  0.14072E+05  0.13659E+05  0.00000E+00  0.00000E+00
      5.833  0.13831E+05  0.13423E+05  0.13121E+05  0.12726E+05  0.00000E+00  0.00000E+00
      6.300  0.13385E+05  0.13044E+05  0.12617E+05  0.12073E+05  0.00000E+00  0.00000E+00
      6.767  0.13355E+05  0.13232E+05  0.12499E+05  0.11803E+05  0.00000E+00  0.00000E+00
      7.078  0.00000E+00  0.00000E+00  0.00000E+00  0.00000E+00  0.00000E+00  0.00000E+00
      7.233  0.00000E+00  0.00000E+00  0.00000E+00  0.00000E+00  0.00000E+00  0.00000E+00
      7.810  0.00000E+00  0.00000E+00  0.00000E+00  0.00000E+00  0.00000E+00  0.00000E+00
      8.810  0.00000E+00  0.00000E+00  0.00000E+00  0.00000E+00  0.00000E+00  0.00000E+00
      9.810  0.00000E+00  0.00000E+00  0.00000E+00  0.00000E+00  0.00000E+00  0.00000E+00
     10.310  0.00000E+00  0.00000E+00  0.00000E+00  0.00000E+00  0.00000E+00  0.00000E+00
