   1100875.00625470        input qc_tot
   161479.680612909        maximum flux input value
   12558.9383844137        minimum flux input value
        
   1077172.59240144        relaxed total qrs
   158333.026634500        maximum flux relaxed value
   12050.9877629710        minimum flux relaxed value

         relaxed surface radiation heat flux (W/m**2)

    x  /  y -0.31000     -0.15500      0.15000      0.45000      0.75000       1.0500       1.2500       1.3500       1.4500       1.5500       1.6500    
     -0.310  0.00000E+00  0.00000E+00  0.00000E+00  0.00000E+00  0.00000E+00  0.00000E+00  0.00000E+00  0.00000E+00  0.00000E+00  0.00000E+00  0.00000E+00
     -0.155  0.00000E+00  0.00000E+00  0.00000E+00  0.00000E+00  0.00000E+00  0.00000E+00  0.00000E+00  0.00000E+00  0.00000E+00  0.00000E+00  0.00000E+00
      0.117  0.00000E+00  0.00000E+00  0.14176E+06  0.15833E+06  0.15812E+06  0.15747E+06  0.15329E+06  0.15119E+06  0.14908E+06  0.14697E+06  0.14486E+06
      0.350  0.00000E+00  0.00000E+00  0.12618E+06  0.14136E+06  0.14385E+06  0.14125E+06  0.13615E+06  0.13403E+06  0.13234E+06  0.13064E+06  0.12894E+06
      0.583  0.00000E+00  0.00000E+00  0.11060E+06  0.12438E+06  0.12957E+06  0.12503E+06  0.11902E+06  0.11688E+06  0.11559E+06  0.11430E+06  0.11302E+06
      0.817  0.00000E+00  0.00000E+00  0.96205E+05  0.10969E+06  0.11719E+06  0.11168E+06  0.10477E+06  0.10247E+06  0.10132E+06  0.10017E+06  0.99020E+05
      1.050  0.00000E+00  0.00000E+00  0.82983E+05  0.97278E+05  0.10669E+06  0.10122E+06  0.93406E+05  0.90809E+05  0.89521E+05  0.88233E+05  0.86945E+05
      1.283  0.00000E+00  0.00000E+00  0.70279E+05  0.87058E+05  0.99112E+05  0.94038E+05  0.85267E+05  0.82526E+05  0.81428E+05  0.80330E+05  0.79232E+05
      1.517  0.00000E+00  0.00000E+00  0.58094E+05  0.79030E+05  0.94447E+05  0.90135E+05  0.80354E+05  0.77620E+05  0.77041E+05  0.76462E+05  0.75883E+05
      1.750  0.00000E+00  0.00000E+00  0.50180E+05  0.73514E+05  0.89881E+05  0.86421E+05  0.77119E+05  0.74743E+05  0.74641E+05  0.74540E+05  0.74438E+05
      1.983  0.00000E+00  0.00000E+00  0.46540E+05  0.70511E+05  0.85414E+05  0.82894E+05  0.75563E+05  0.73897E+05  0.74230E+05  0.74563E+05  0.74897E+05
      2.217  0.00000E+00  0.00000E+00  0.44232E+05  0.67474E+05  0.80318E+05  0.78422E+05  0.73039E+05  0.72016E+05  0.72661E+05  0.73307E+05  0.73952E+05
      2.567  0.00000E+00  0.00000E+00  0.42773E+05  0.62870E+05  0.71729E+05  0.70293E+05  0.67802E+05  0.67643E+05  0.68572E+05  0.69501E+05  0.70429E+05
      3.033  0.00000E+00  0.00000E+00  0.42042E+05  0.53945E+05  0.56336E+05  0.51532E+05  0.49633E+05  0.49558E+05  0.50359E+05  0.51159E+05  0.51959E+05
      3.500  0.00000E+00  0.00000E+00  0.30224E+05  0.41917E+05  0.40394E+05  0.36315E+05  0.35573E+05  0.35768E+05  0.36528E+05  0.37288E+05  0.38048E+05
      3.967  0.00000E+00  0.00000E+00  0.21790E+05  0.30661E+05  0.26871E+05  0.25326E+05  0.25771E+05  0.26220E+05  0.26896E+05  0.27571E+05  0.28247E+05
      4.433  0.00000E+00  0.00000E+00  0.16605E+05  0.21731E+05  0.20045E+05  0.19887E+05  0.20508E+05  0.20923E+05  0.21443E+05  0.21963E+05  0.22482E+05
      4.900  0.00000E+00  0.00000E+00  0.14515E+05  0.17313E+05  0.16457E+05  0.16508E+05  0.17055E+05  0.17376E+05  0.17745E+05  0.18115E+05  0.18484E+05
      5.367  0.00000E+00  0.00000E+00  0.15066E+05  0.14689E+05  0.14549E+05  0.14750E+05  0.15024E+05  0.15186E+05  0.15372E+05  0.15559E+05  0.15745E+05
      5.833  0.00000E+00  0.00000E+00  0.13060E+05  0.13329E+05  0.13534E+05  0.13797E+05  0.14019E+05  0.14129E+05  0.14238E+05  0.14347E+05  0.14457E+05
      6.300  0.00000E+00  0.00000E+00  0.12359E+05  0.12718E+05  0.13058E+05  0.13425E+05  0.13696E+05  0.13798E+05  0.13867E+05  0.13935E+05  0.14004E+05
      6.767  0.00000E+00  0.00000E+00  0.12051E+05  0.12697E+05  0.13141E+05  0.13530E+05  0.14000E+05  0.14130E+05  0.14156E+05  0.14182E+05  0.14208E+05
      7.078  0.00000E+00  0.00000E+00  0.00000E+00  0.00000E+00  0.00000E+00  0.00000E+00  0.00000E+00  0.00000E+00  0.00000E+00  0.00000E+00  0.00000E+00
      7.233  0.00000E+00  0.00000E+00  0.00000E+00  0.00000E+00  0.00000E+00  0.00000E+00  0.00000E+00  0.00000E+00  0.00000E+00  0.00000E+00  0.00000E+00
      7.810  0.00000E+00  0.00000E+00  0.00000E+00  0.00000E+00  0.00000E+00  0.00000E+00  0.00000E+00  0.00000E+00  0.00000E+00  0.00000E+00  0.00000E+00
      8.810  0.00000E+00  0.00000E+00  0.00000E+00  0.00000E+00  0.00000E+00  0.00000E+00  0.00000E+00  0.00000E+00  0.00000E+00  0.00000E+00  0.00000E+00
      9.810  0.00000E+00  0.00000E+00  0.00000E+00  0.00000E+00  0.00000E+00  0.00000E+00  0.00000E+00  0.00000E+00  0.00000E+00  0.00000E+00  0.00000E+00
     10.310  0.00000E+00  0.00000E+00  0.00000E+00  0.00000E+00  0.00000E+00  0.00000E+00  0.00000E+00  0.00000E+00  0.00000E+00  0.00000E+00  0.00000E+00

    x  /  y   1.7500       2.0000       2.4000       2.8000       3.1550       3.3100    
     -0.310  0.00000E+00  0.00000E+00  0.00000E+00  0.00000E+00  0.00000E+00  0.00000E+00
     -0.155  0.00000E+00  0.00000E+00  0.00000E+00  0.00000E+00  0.00000E+00  0.00000E+00
      0.117  0.14296E+06  0.13868E+06  0.13037E+06  0.11477E+06  0.00000E+00  0.00000E+00
      0.350  0.12768E+06  0.12560E+06  0.11839E+06  0.10302E+06  0.00000E+00  0.00000E+00
      0.583  0.11240E+06  0.11252E+06  0.10642E+06  0.91280E+05  0.00000E+00  0.00000E+00
      0.817  0.99004E+05  0.10167E+06  0.96293E+05  0.81973E+05  0.00000E+00  0.00000E+00
      1.050  0.87496E+05  0.93051E+05  0.88017E+05  0.75103E+05  0.00000E+00  0.00000E+00
      1.283  0.80384E+05  0.88261E+05  0.83397E+05  0.69255E+05  0.00000E+00  0.00000E+00
      1.517  0.77667E+05  0.87305E+05  0.82432E+05  0.64430E+05  0.00000E+00  0.00000E+00
      1.750  0.76660E+05  0.87194E+05  0.82443E+05  0.62352E+05  0.00000E+00  0.00000E+00
      1.983  0.77361E+05  0.87931E+05  0.83430E+05  0.63021E+05  0.00000E+00  0.00000E+00
      2.217  0.76395E+05  0.86130E+05  0.82766E+05  0.63548E+05  0.00000E+00  0.00000E+00
      2.567  0.72440E+05  0.79617E+05  0.79292E+05  0.64127E+05  0.00000E+00  0.00000E+00
      3.033  0.53598E+05  0.59879E+05  0.66779E+05  0.51670E+05  0.00000E+00  0.00000E+00
      3.500  0.39317E+05  0.44212E+05  0.52619E+05  0.40264E+05  0.00000E+00  0.00000E+00
      3.967  0.29115E+05  0.32051E+05  0.36705E+05  0.29157E+05  0.00000E+00  0.00000E+00
      4.433  0.23048E+05  0.24706E+05  0.26641E+05  0.22071E+05  0.00000E+00  0.00000E+00
      4.900  0.18821E+05  0.19614E+05  0.20296E+05  0.19964E+05  0.00000E+00  0.00000E+00
      5.367  0.15964E+05  0.16559E+05  0.16602E+05  0.16021E+05  0.00000E+00  0.00000E+00
      5.833  0.14540E+05  0.14689E+05  0.14732E+05  0.14170E+05  0.00000E+00  0.00000E+00
      6.300  0.14038E+05  0.14042E+05  0.13929E+05  0.13222E+05  0.00000E+00  0.00000E+00
      6.767  0.14148E+05  0.13816E+05  0.13665E+05  0.13012E+05  0.00000E+00  0.00000E+00
      7.078  0.00000E+00  0.00000E+00  0.00000E+00  0.00000E+00  0.00000E+00  0.00000E+00
      7.233  0.00000E+00  0.00000E+00  0.00000E+00  0.00000E+00  0.00000E+00  0.00000E+00
      7.810  0.00000E+00  0.00000E+00  0.00000E+00  0.00000E+00  0.00000E+00  0.00000E+00
      8.810  0.00000E+00  0.00000E+00  0.00000E+00  0.00000E+00  0.00000E+00  0.00000E+00
      9.810  0.00000E+00  0.00000E+00  0.00000E+00  0.00000E+00  0.00000E+00  0.00000E+00
     10.310  0.00000E+00  0.00000E+00  0.00000E+00  0.00000E+00  0.00000E+00  0.00000E+00
